Sample, Time, ACCX, ACCY, ACCZ, MAGX, MAGY, MAGZ, GYRX, GYRY, GYRZ
0,43664.599000,247.018,-15.530,58.543,453.444,-277.213,120.643,-36.150,6.630,7.070
1,43664.639000,248.016,-13.526,56.558,460.323,-271.417,121.799,-33.150,-2.370,-1.930
2,43664.679000,246.020,-12.524,56.558,457.431,-270.433,124.773,-36.150,5.630,-2.930
3,43664.699000,246.020,-12.524,57.550,461.333,-268.592,120.896,-34.150,5.630,-3.930
4,43664.739000,242.027,-14.528,55.566,460.296,-273.308,121.747,-20.150,-0.370,-8.930
5,43664.786000,246.020,-16.532,56.558,455.427,-274.349,120.726,-17.150,1.630,-13.930
6,43664.819000,248.016,-15.530,56.558,459.398,-268.541,123.845,-23.150,15.630,-21.930
7,43664.865000,245.021,-17.534,55.566,461.265,-273.320,120.764,-24.150,5.630,-20.930
8,43664.905000,244.023,-16.532,57.550,460.235,-277.169,118.688,-25.150,1.630,-18.930
9,43664.945000,244.023,-14.528,57.550,458.294,-277.197,118.684,-26.150,-20.370,-12.930
10,43664.985000,244.023,-17.534,58.543,462.237,-272.519,114.887,-14.150,-32.370,-6.930
11,43665.5000,244.023,-16.532,59.535,461.345,-267.673,119.938,9.850,-34.370,-4.930
12,43665.45000,244.023,-16.532,55.566,461.263,-273.347,119.780,24.850,-44.370,0.070
13,43665.79000,246.020,-16.532,56.558,460.427,-263.930,119.057,42.850,-37.370,2.070
14,43665.120000,247.018,-18.536,55.566,462.225,-273.438,115.845,60.850,-40.370,9.070
15,43665.160000,245.021,-17.534,56.558,462.253,-271.547,115.897,67.850,-36.370,15.070
16,43665.199000,247.018,-18.536,55.566,463.229,-271.454,118.852,94.850,-30.370,18.070
17,43665.246000,246.020,-17.534,55.566,462.329,-266.714,119.966,106.850,-20.370,22.070
18,43665.279000,248.016,-20.540,54.574,466.173,-269.469,120.880,129.850,-6.370,26.070
19,43665.299000,247.018,-18.536,51.597,464.277,-266.607,122.923,151.850,-0.370,25.070
20,43665.341000,245.021,-18.536,50.605,464.185,-273.174,124.708,149.850,-13.370,31.070
21,43665.381000,244.023,-17.534,52.589,463.314,-266.516,126.859,166.850,-11.370,32.070
22,43665.419000,243.025,-15.530,54.574,461.389,-265.571,127.865,174.850,-40.370,37.070
23,43665.459000,244.023,-16.532,55.566,458.506,-263.695,128.896,171.850,-59.370,42.070
24,43665.499000,244.023,-16.532,56.558,465.277,-265.437,130.826,182.850,-63.370,36.070
25,43665.539000,243.025,-15.530,56.558,457.567,-261.765,130.916,207.850,-62.370,34.070
26,43665.580000,247.018,-4.509,54.574,462.369,-265.426,132.789,231.850,-48.370,33.070
27,43665.600000,253.006,8.517,49.612,459.422,-268.225,135.657,193.850,35.630,13.070
28,43665.641000,263.984,14.528,46.636,465.354,-261.365,141.759,82.850,196.630,-50.930
29,43665.681000,257.996,13.526,45.643,464.410,-260.275,147.690,130.850,168.630,-41.930
30,43665.721000,246.020,9.519,41.674,459.631,-255.537,150.764,119.850,149.630,-31.930
31,43665.761000,248.016,8.517,36.713,462.492,-259.225,152.634,-51.150,57.630,-117.930
32,43665.802000,246.020,18.536,26.791,461.582,-254.616,148.826,-118.150,4.630,-136.930
33,43665.842000,237.037,24.548,33.736,460.600,-255.549,149.782,-158.150,-20.370,-7.930
34,43665.882000,245.021,8.517,39.690,463.484,-256.638,142.871,-276.150,-101.370,83.070
35,43665.912000,250.012,1.503,44.651,464.227,-271.860,138.515,-273.150,-112.370,84.070
36,43665.946000,259.992,-14.528,51.597,463.409,-260.684,132.923,-230.150,-111.370,-10.930
37,43665.986000,256.998,-7.515,50.605,464.240,-270.153,131.677,-279.150,-58.370,-46.930
38,43666.26000,245.021,-1.503,51.597,466.236,-265.581,124.922,-269.150,-49.370,-116.930
39,43666.66000,233.045,3.507,55.566,462.325,-266.766,117.998,-277.150,-38.370,-107.930
40,43666.106000,237.037,-1.503,66.481,464.373,-259.226,116.243,-362.150,-21.370,-17.930
41,43666.146000,248.016,-22.544,68.465,463.225,-270.746,110.019,-400.150,19.630,5.070
42,43666.172000,242.027,-38.575,63.504,463.315,-264.205,107.251,-417.150,76.630,-36.930
43,43666.204000,227.057,-30.560,66.481,463.239,-269.800,110.046,-359.150,129.630,-124.930
44,43666.254000,243.025,-13.526,68.465,464.181,-270.916,103.131,-292.150,74.630,-133.930
45,43666.280000,273.965,-26.552,54.574,465.219,-266.201,102.280,-250.150,18.630,-47.930
46,43666.320000,276.959,-36.571,43.659,465.242,-264.362,100.364,-179.150,109.630,35.070
47,43666.360000,254.004,-42.583,47.628,461.215,-274.740,103.020,-110.150,130.630,102.070
48,43666.400000,238.035,-43.585,55.566,458.271,-276.725,100.992,-88.150,23.630,181.070
49,43666.440000,238.035,-40.579,51.597,457.275,-278.604,101.922,-63.150,-7.370,178.070
50,43666.460000,235.041,-42.583,45.643,456.214,-284.397,97.825,-21.150,-43.370,98.070
51,43666.509000,235.041,-39.577,46.636,453.280,-286.250,100.719,21.850,-55.370,12.070
52,43666.541000,245.021,-30.560,48.620,455.298,-280.628,97.928,105.850,-110.370,-55.930
53,43666.581000,258.994,-15.530,49.612,461.065,-284.354,96.850,220.850,-96.370,-82.930
54,43666.621000,261.988,-12.524,53.581,460.234,-274.885,98.096,235.850,-117.370,27.070
55,43666.662000,253.006,-26.552,51.597,455.247,-284.358,99.791,141.850,-47.370,133.070
56,43666.702000,241.029,-32.564,58.543,460.214,-276.671,101.981,128.850,-56.370,112.070
57,43666.742000,236.039,-22.544,59.535,457.192,-284.278,101.764,195.850,-97.370,54.070
58,43666.762000,234.043,-14.528,62.512,456.334,-276.700,102.957,246.850,-64.370,11.070
59,43666.802000,237.037,-5.511,66.481,458.224,-280.402,104.824,193.850,-67.370,18.070
60,43666.842000,246.020,-8.517,59.535,458.226,-280.376,105.809,142.850,-56.370,49.070
61,43666.884000,257.996,-22.544,48.620,460.126,-283.185,105.734,178.850,0.630,26.070
62,43666.924000,256.998,-16.532,44.651,452.479,-275.625,109.866,198.850,57.630,-32.930
63,43666.972000,245.021,-5.511,46.636,459.199,-281.097,113.659,124.850,27.630,-33.930
64,43667.0,244.023,-5.511,47.628,461.254,-273.452,115.843,74.850,-3.370,-2.930
65,43667.41000,246.020,-16.532,53.581,460.264,-275.252,119.725,105.850,-0.370,21.070
66,43667.61000,246.020,-13.526,60.527,461.164,-279.992,118.611,71.850,-5.370,17.070
67,43667.101000,238.035,-12.524,66.481,459.221,-280.046,117.623,36.850,22.630,-13.930
68,43667.149000,238.035,-12.524,64.496,461.265,-273.320,120.764,41.850,18.630,-31.930
69,43667.182000,240.031,-13.526,56.558,461.249,-274.292,119.754,73.850,-23.370,-6.930
70,43667.222000,249.014,-13.526,42.667,457.453,-268.621,121.872,97.850,-34.370,20.070
71,43667.262000,260.990,-11.523,44.651,456.347,-278.065,122.591,92.850,15.630,12.070
72,43667.305000,255.002,-11.523,46.636,459.388,-269.434,125.787,60.850,76.630,-15.930
73,43667.341000,246.020,-11.523,48.620,460.221,-278.876,125.526,40.850,49.630,-24.930
74,43667.362000,243.025,-14.528,52.589,457.349,-276.107,124.615,4.850,30.630,-21.930
75,43667.402000,243.025,-17.534,54.574,461.310,-271.192,129.676,20.850,17.630,-14.930
76,43667.442000,243.025,-15.530,56.558,460.306,-273.176,126.668,46.850,23.630,4.070
77,43667.482000,242.027,-16.532,60.527,461.273,-273.976,131.566,94.850,26.630,34.070
78,43667.522000,243.025,-13.526,59.535,456.522,-267.347,134.693,114.850,15.630,28.070
79,43667.564000,242.027,-7.515,56.558,459.312,-275.790,135.446,124.850,18.630,25.070
80,43667.601000,251.010,-13.526,53.581,454.555,-269.239,135.621,119.850,-0.370,52.070
81,43667.621000,256.000,-15.530,49.612,457.379,-275.712,139.380,148.850,54.630,51.070
82,43667.661000,256.998,-19.538,48.620,456.440,-273.782,141.399,137.850,78.630,23.070
83,43667.701000,249.014,-13.526,51.597,452.630,-269.056,143.491,62.850,61.630,13.070
84,43667.741000,247.018,-12.524,56.558,451.557,-276.530,147.216,32.850,52.630,-24.930
85,43667.787000,245.021,-10.521,56.558,454.609,-267.006,148.470,27.850,34.630,-47.930
86,43667.827000,240.031,-9.519,58.543,458.443,-270.654,151.326,-4.150,23.630,-44.930
87,43667.867000,239.033,-9.519,60.527,457.566,-264.075,150.523,-6.150,14.630,-1.930
88,43667.901000,247.018,-16.532,66.481,455.542,-269.776,150.361,12.850,17.630,39.070
89,43667.921000,244.023,-20.540,70.450,455.595,-266.020,149.482,95.850,42.630,41.070
90,43667.962000,235.041,-8.517,68.465,448.799,-266.904,155.348,140.850,43.630,17.070
91,43668.2000,238.035,-2.505,60.527,453.654,-266.809,156.342,110.850,32.630,15.070
92,43668.42000,244.023,-2.505,57.550,449.728,-269.727,155.271,58.850,15.630,36.070
93,43668.82000,255.002,-13.526,53.581,453.678,-265.732,161.291,61.850,16.630,56.070
94,43668.122000,256.998,-20.540,50.605,452.580,-274.309,159.083,67.850,52.630,9.070
95,43668.165000,247.018,-13.526,56.558,453.719,-262.895,161.369,36.850,49.630,-18.930
96,43668.205000,237.037,-8.517,59.535,452.629,-271.366,163.099,13.850,24.630,6.070
97,43668.225000,233.045,-10.521,65.488,455.635,-264.732,162.305,1.850,-17.370,39.070
98,43668.261000,242.027,-18.536,67.473,446.776,-273.367,162.050,11.850,-53.370,43.070
99,43668.301000,247.018,-15.530,69.457,452.739,-263.801,163.310,44.850,-69.370,7.070
100,43668.341000,242.027,-4.509,64.496,451.680,-269.568,160.197,59.850,-28.370,-4.930
101,43668.381000,236.039,-1.503,67.473,448.868,-262.937,162.344,79.850,3.630,10.070
102,43668.421000,248.016,-8.517,61.519,450.621,-276.096,163.948,40.850,-10.370,42.070
103,43668.469000,256.000,-15.530,55.566,452.674,-268.477,165.147,11.850,-5.370,27.070
104,43668.509000,253.006,-15.530,52.589,453.551,-275.056,165.949,-21.150,-7.370,-4.930
105,43668.529000,247.018,-13.526,56.558,452.690,-266.744,159.293,-60.150,-44.370,-40.930
106,43668.570000,247.018,-13.526,57.550,456.559,-267.634,159.275,-119.150,-63.370,-61.930
107,43668.604000,245.021,-10.521,53.581,460.449,-266.713,156.357,-151.150,-43.370,-59.930
108,43668.644000,239.033,-11.523,53.581,453.628,-267.912,150.410,-152.150,-44.370,-47.930
109,43668.684000,247.018,-11.523,57.550,454.623,-266.060,148.496,-172.150,-64.370,-5.930
110,43668.724000,256.000,-19.538,66.481,456.466,-272.678,147.331,-178.150,-42.370,-7.930
111,43668.764000,248.016,-17.534,64.496,452.669,-266.246,142.586,-98.150,38.630,-34.930
112,43668.784000,233.045,-8.517,69.457,456.534,-267.950,147.463,-32.150,89.630,-19.930
113,43668.824000,241.029,-6.513,64.496,452.563,-273.758,144.344,-36.150,86.630,-22.930
114,43668.864000,248.016,-13.526,55.566,453.585,-270.776,149.347,-97.150,58.630,-19.930
115,43668.904000,252.008,-18.536,52.589,459.366,-273.556,148.296,-117.150,38.630,-43.930
116,43668.944000,250.012,-17.534,49.612,457.432,-272.717,145.365,-81.150,3.630,-66.930
117,43668.990000,244.023,-15.530,50.605,452.693,-265.168,147.534,-56.150,-5.370,-55.930
118,43669.24000,236.039,-9.519,54.574,454.617,-266.139,145.543,-22.150,-12.370,-5.930
119,43669.64000,234.043,-9.519,62.512,455.626,-263.315,144.640,-28.150,-57.370,46.070
120,43669.84000,246.020,-14.528,64.496,455.485,-272.824,142.408,-22.150,-68.370,72.070
121,43669.124000,252.008,-17.534,64.496,455.581,-266.204,142.592,-28.150,-31.370,63.070
122,43669.164000,247.018,-17.534,63.504,455.540,-269.041,142.513,34.850,23.630,17.070
123,43669.204000,243.025,-4.509,59.535,455.571,-267.097,144.534,47.850,48.630,-11.930
124,43669.245000,248.016,-6.513,57.550,458.472,-267.975,145.498,32.850,46.630,-1.930
125,43669.285000,248.016,-13.526,52.589,454.503,-274.518,150.228,-18.150,33.630,7.070
126,43669.325000,245.021,-14.528,53.581,456.548,-267.004,147.489,-64.150,-16.370,9.070
127,43669.366000,247.018,-14.528,52.589,453.626,-267.177,142.562,-82.150,-65.370,-2.930
128,43669.386000,244.023,-14.528,54.574,458.467,-267.267,136.666,-98.150,-91.370,-17.930
129,43669.441000,242.027,-12.524,54.574,454.543,-270.159,136.579,-122.150,-94.370,-19.930
130,43669.462000,246.020,-12.524,57.550,455.514,-269.383,129.717,-152.150,-121.370,-9.930
131,43669.502000,250.012,-17.534,59.535,456.357,-277.933,127.513,-123.150,-125.370,-11.930
132,43669.550000,254.004,-18.536,56.558,459.373,-270.406,124.777,-56.150,-56.370,-20.930
133,43669.582000,246.020,-10.521,57.550,456.408,-274.203,125.650,-12.150,74.630,-6.930
134,43669.622000,247.018,-14.528,58.543,461.281,-273.110,128.639,-1.150,85.630,-4.930
135,43669.662000,245.021,-17.534,54.574,459.304,-275.895,131.509,4.850,82.630,-13.930
136,43669.682000,246.020,-17.534,52.589,458.437,-268.423,128.765,-29.150,49.630,-17.930
137,43669.722000,245.021,-18.536,50.605,458.343,-275.016,129.565,-28.150,26.630,-20.930
138,43669.764000,243.025,-17.534,52.589,458.441,-268.370,130.733,-7.150,18.630,1.070
139,43669.804000,238.035,-15.530,56.558,457.404,-273.086,131.584,4.850,-17.370,34.070
140,43669.844000,245.021,-18.536,57.550,456.408,-274.964,132.514,21.850,-42.370,42.070
141,43669.884000,251.010,-18.536,56.558,454.451,-275.964,131.499,40.850,-23.370,29.070
142,43669.925000,248.016,-11.523,56.558,457.381,-274.924,133.500,68.850,24.630,27.070
143,43669.966000,248.016,-8.517,62.512,457.351,-276.842,132.463,75.850,52.630,9.070
144,43669.986000,245.021,-8.517,58.543,460.389,-268.264,133.690,34.850,51.630,-7.930
145,43670.27000,248.016,-11.523,55.566,456.430,-273.914,136.477,-31.150,2.630,-31.930
146,43670.64000,248.016,-15.530,55.566,460.369,-270.050,137.575,-72.150,-13.370,-44.930
147,43670.119000,241.029,-10.521,54.574,455.455,-273.980,134.507,-111.150,-17.370,-31.930
148,43670.150000,235.041,-7.515,58.543,456.408,-274.964,132.514,-107.150,-44.370,-11.930
149,43670.190000,248.016,-13.526,60.527,456.439,-272.259,127.671,-149.150,-58.370,11.070
150,43670.230000,255.002,-14.528,57.550,458.372,-272.337,123.738,-177.150,-13.370,5.070
151,43670.270000,256.998,-16.532,54.574,457.353,-276.054,126.583,-162.150,37.630,-14.930
152,43670.292000,246.020,-11.523,56.558,457.415,-271.405,123.762,-172.150,53.630,-45.930
153,43670.326000,241.029,-8.517,55.566,461.180,-279.021,119.622,-207.150,37.630,-54.930
154,43670.366000,244.023,-8.517,55.566,459.354,-270.643,115.917,-249.150,18.630,-43.930
155,43670.410000,245.021,-17.534,55.566,463.145,-276.393,110.846,-263.150,-13.370,-31.930
156,43670.450000,248.016,-24.548,53.581,460.213,-277.459,107.860,-270.150,-33.370,-48.930
157,43670.490000,243.025,-28.556,61.519,461.221,-274.661,105.973,-273.150,-64.370,-42.930
158,43670.527000,236.039,-33.566,79.380,460.269,-272.889,102.086,-249.150,-63.370,-35.930
159,43670.547000,223.064,-52.603,81.364,466.001,-278.612,97.018,-196.150,-79.370,-53.930
160,43670.587000,208.094,-67.632,80.372,463.126,-275.869,95.123,32.850,-71.370,-64.930
161,43670.627000,203.103,-68.634,79.380,465.150,-270.167,95.285,338.850,-93.370,-60.930
162,43670.667000,224.062,-58.614,52.589,465.168,-269.930,104.144,875.850,-48.370,20.070
163,43670.735000,296.920,-86.669,40.682,467.154,-269.324,125.803,1372.850,170.630,183.070
164,43670.751000,270.971,-46.591,26.791,458.639,-258.124,160.527,1662.850,471.630,484.070
165,43670.784000,204.101,53.605,58.543,447.955,-260.665,177.160,1313.850,323.630,696.070
166,43670.827000,240.031,57.613,75.411,444.057,-263.214,189.869,763.850,-24.370,573.070
167,43670.844000,292.928,-2.505,0.000,443.918,-271.936,181.757,170.850,-483.370,199.070
168,43670.889000,298.916,-38.575,23.814,442.022,-269.074,183.801,465.850,-132.370,104.070
169,43670.925000,266.979,-16.532,45.643,439.191,-264.990,196.697,589.850,184.630,107.070
170,43670.965000,231.049,6.513,68.465,435.317,-265.701,207.490,444.850,333.630,223.070
171,43671.5000,237.037,5.511,77.395,431.425,-267.410,216.288,286.850,224.630,245.070
172,43671.52000,200.109,-5.511,84.341,426.595,-266.402,221.226,297.850,-70.370,229.070
173,43671.85000,203.103,-7.515,93.271,428.417,-274.832,222.962,80.850,-43.370,181.070
174,43671.126000,205.099,-30.560,99.225,422.646,-271.159,222.071,-34.150,352.630,-140.930
175,43671.146000,192.125,-60.618,96.248,427.692,-259.374,236.178,215.850,475.630,-454.930
176,43671.187000,218.074,14.528,70.450,422.912,-255.423,245.132,106.850,327.630,-199.930
177,43671.227000,315.883,35.569,20.837,429.838,-245.949,242.457,-100.150,20.630,-143.930
178,43671.267000,335.844,-16.532,6.946,428.795,-250.744,240.354,-138.150,-146.370,-144.930
179,43671.306000,292.928,-0.501,7.938,434.664,-247.011,235.550,-403.150,-50.370,-9.930
180,43671.346000,255.002,-15.530,3.969,431.586,-257.638,228.364,-455.150,-147.370,-75.930
181,43671.386000,236.039,-20.540,19.845,440.335,-255.046,214.680,-427.150,-191.370,-157.930
182,43671.426000,211.088,-20.540,32.744,442.217,-258.092,205.746,-219.150,-342.370,-144.930
183,43671.446000,220.070,-41.581,72.434,446.127,-255.385,198.943,23.850,-572.370,-17.930
184,43671.486000,245.021,-36.571,90.295,449.942,-258.509,186.075,101.850,-588.370,247.070
185,43671.526000,241.029,-21.542,98.233,443.092,-262.388,185.956,248.850,-178.370,521.070
186,43671.566000,227.057,-14.528,98.233,438.990,-277.573,185.527,237.850,-154.370,343.070
187,43671.606000,273.965,-42.583,75.411,437.161,-270.009,186.718,170.850,-244.370,117.070
188,43671.646000,276.959,-51.601,56.558,438.972,-278.571,183.532,165.850,-107.370,-191.930
189,43671.686000,254.004,-9.519,52.589,445.008,-264.225,186.892,300.850,-136.370,-194.930
190,43671.726000,228.055,-22.544,50.605,442.087,-265.159,188.828,334.850,-189.370,-42.930
191,43671.746000,200.109,-69.636,53.581,449.905,-261.293,187.965,247.850,-414.370,-45.930
192,43671.791000,193.123,-64.626,64.496,455.799,-255.695,182.229,405.850,-538.370,-151.930
193,43671.829000,250.012,13.526,80.372,464.621,-248.322,170.646,421.850,-720.370,-58.930
194,43671.865000,325.864,35.569,87.318,466.562,-247.533,163.786,240.850,-569.370,199.070
195,43671.905000,240.031,58.614,80.372,467.544,-246.600,162.830,-116.150,96.630,68.070
196,43671.945000,199.111,69.636,60.527,465.426,-258.133,156.604,-826.150,222.630,-1.930
197,43671.999000,189.131,6.513,21.829,466.380,-257.569,141.867,-904.150,-205.370,112.070
198,43672.39000,314.885,-63.624,-9.922,465.283,-264.597,126.915,-499.150,-384.370,15.070
199,43672.45000,329.856,-35.569,-27.783,461.385,-265.624,125.897,-435.150,426.630,167.070
200,43672.85000,226.058,59.616,4.961,460.168,-282.632,126.405,-474.150,440.630,198.070
201,43672.125000,196.117,7.515,14.884,451.419,-283.702,126.361,-656.150,186.630,225.070
202,43672.166000,274.963,-57.613,16.868,454.200,-290.728,109.448,-894.150,-109.370,127.070
203,43672.205000,305.903,-88.673,-9.922,450.168,-300.397,103.271,-584.150,82.630,-174.930
204,43672.247000,288.936,-49.597,-11.907,455.145,-291.817,103.518,-274.150,265.630,-233.930
205,43672.286000,287.938,3.507,14.884,452.236,-292.594,111.360,-237.150,477.630,24.070
206,43672.326000,269.973,-19.538,49.612,450.299,-293.330,120.189,-341.150,606.630,88.070
207,43672.346000,251.010,-43.585,44.651,448.383,-291.492,119.253,-567.150,570.630,-46.930
208,43672.392000,252.008,-34.568,48.620,445.337,-300.937,120.953,-688.150,533.630,-186.930
209,43672.432000,250.012,-26.552,51.597,445.396,-297.102,123.027,-590.150,507.630,-126.930
210,43672.469000,223.064,-48.595,68.465,444.363,-301.765,125.846,-383.150,539.630,-53.930
211,43672.509000,185.138,-52.603,86.326,443.453,-297.917,128.903,-300.150,432.630,-109.930
212,43672.549000,170.168,-24.548,101.209,442.397,-304.419,133.638,-176.150,319.630,-147.930
213,43672.587000,162.183,7.515,98.233,441.613,-292.034,137.916,-125.150,228.630,-264.930
214,43672.607000,171.166,37.573,80.372,443.643,-286.254,141.031,-20.150,298.630,-286.930
215,43672.647000,204.101,4.509,53.581,441.688,-287.227,141.000,-446.150,-50.370,88.070
216,43672.687000,278.955,-76.650,19.845,439.498,-302.753,126.794,-487.150,-79.370,306.070
217,43672.736000,319.875,-69.636,28.775,434.637,-302.927,122.847,-454.150,-133.370,288.070
218,43672.769000,316.881,-76.650,21.829,435.597,-303.045,117.927,18.850,-183.370,-29.930
219,43672.809000,309.895,-60.618,7.938,440.537,-297.250,120.064,366.850,-286.370,-181.930
220,43672.847000,331.852,-9.519,12.899,442.488,-296.329,118.125,127.850,15.630,-188.930
221,43672.890000,268.975,-12.524,18.853,443.551,-290.510,123.207,-94.150,246.630,-199.930
222,43672.907000,237.037,-48.595,14.884,444.492,-292.414,122.172,-90.150,132.630,-235.930
223,43672.955000,217.076,-41.581,16.868,449.416,-287.591,123.298,165.850,-109.370,-215.930
224,43672.987000,198.113,-14.528,27.783,454.364,-280.929,122.508,18.850,-232.370,-165.930
225,43673.29000,194.121,-5.511,92.279,454.381,-278.408,110.775,-354.150,-360.370,-199.930
226,43673.69000,242.027,-52.603,97.240,464.134,-273.832,100.099,-164.150,-466.370,-355.930
227,43673.109000,199.111,7.515,73.426,469.040,-269.246,92.366,15.850,-302.370,-348.930
228,43673.149000,258.994,8.517,58.543,473.970,-262.821,82.717,17.850,-347.370,-128.930
229,43673.187000,281.949,-24.548,81.364,471.047,-262.994,77.789,-122.150,-311.370,-119.930
230,43673.209000,257.996,-9.519,73.426,474.967,-259.393,69.043,-74.150,-263.370,46.070
231,43673.279000,249.014,-21.542,60.527,474.782,-271.765,65.748,-108.150,-226.370,194.070
232,43673.305000,245.021,-7.515,58.543,472.880,-268.221,57.975,-145.150,-276.370,133.070
233,43673.327000,241.029,-7.515,73.426,471.712,-280.765,48.771,-55.150,-327.370,174.070
234,43673.366000,212.086,-11.523,99.225,469.847,-275.197,45.972,52.850,-304.370,250.070
235,43673.406000,217.076,-67.632,77.395,463.935,-281.033,42.849,299.850,-465.370,110.070
236,43673.446000,259.992,-37.573,64.496,465.900,-279.167,40.937,434.850,-218.370,74.070
237,43673.487000,250.012,9.519,75.411,459.021,-286.486,53.509,491.850,179.630,273.070
238,43673.516000,278.955,-3.507,64.496,460.011,-284.686,49.626,28.850,-75.370,100.070
239,43673.548000,273.965,-47.593,24.806,462.888,-286.641,45.642,-98.150,-104.370,-20.930
240,43673.596000,248.016,-54.607,-12.899,464.929,-279.942,47.799,497.850,-190.370,-148.930
241,43673.635000,256.000,-8.517,-37.705,461.953,-284.658,49.630,371.850,-154.370,50.070
242,43673.667000,261.988,-10.521,-18.853,464.910,-281.728,51.684,33.850,149.630,169.070
243,43673.707000,279.953,-39.577,5.953,460.947,-288.191,59.366,50.850,128.630,69.070
244,43673.754000,284.943,-51.601,0.000,459.130,-280.470,66.463,350.850,170.630,-137.930
245,43673.780000,275.961,-32.564,-5.953,463.052,-279.127,79.294,415.850,359.630,-167.930
246,43673.816000,263.984,-28.556,17.860,459.235,-276.029,91.177,486.850,391.630,-100.930
247,43673.849000,253.006,-27.554,20.837,462.250,-270.812,108.049,564.850,251.630,-25.930
248,43673.890000,244.023,-11.523,31.752,464.292,-264.874,117.070,628.850,337.630,-21.930
249,43673.934000,233.045,1.503,68.465,461.301,-272.846,138.482,748.850,344.630,23.070
250,43673.974000,205.099,-6.513,74.419,458.566,-262.144,151.562,669.850,180.630,133.070
251,43674.7000,190.129,-38.575,98.233,456.584,-266.531,165.208,676.850,190.630,186.070
252,43674.50000,192.125,-44.587,96.248,449.955,-256.041,172.374,766.850,18.630,165.070
253,43674.70000,206.097,-8.517,103.194,448.865,-265.274,180.967,608.850,68.630,273.070
254,43674.110000,205.099,9.519,88.310,442.153,-260.458,187.975,295.850,-31.370,351.070
255,43674.149000,219.072,9.519,98.233,441.084,-267.117,186.805,264.850,-105.370,300.070
256,43674.190000,298.916,0.501,71.442,440.141,-265.240,186.855,-65.150,-64.370,246.070
257,43674.227000,288.936,36.571,-1.984,439.957,-278.373,190.424,-652.150,665.630,-165.930
258,43674.267000,197.115,4.509,27.783,439.157,-266.960,193.691,-310.150,418.630,-239.930
259,43674.310000,246.020,-48.595,13.891,439.082,-271.767,190.606,40.850,-101.370,-68.930
260,43674.350000,339.836,-1.503,11.907,440.043,-272.647,192.551,-169.150,131.630,237.070
261,43674.374000,275.961,25.550,-1.984,433.111,-281.438,185.409,-852.150,234.630,438.070
262,43674.414000,213.084,-71.640,36.713,418.266,-300.688,179.931,-1223.150,575.630,181.070
263,43674.451000,197.115,-115.726,84.341,423.039,-306.267,180.767,-748.150,568.630,-386.930
264,43674.491000,202.105,-21.542,59.535,429.118,-288.297,178.326,-174.150,181.630,-742.930
265,43674.527000,231.049,15.530,30.760,432.171,-277.985,173.700,-115.150,-64.370,-557.930
266,43674.570000,296.920,-26.552,-33.736,440.889,-278.098,164.859,-222.150,-423.370,-63.930
267,43674.611000,320.873,-84.665,-46.636,444.669,-284.742,161.730,447.850,-303.370,174.070
268,43674.651000,251.010,-55.609,6.946,443.744,-281.866,163.776,725.850,-466.370,240.070
269,43674.667000,224.062,-25.550,67.473,446.738,-276.151,163.940,871.850,-582.370,333.070
270,43674.711000,193.123,-2.505,150.822,440.806,-283.772,164.701,848.850,-613.370,359.070
271,43674.761000,215.080,27.554,139.907,447.668,-278.974,163.863,756.850,-561.370,358.070
272,43674.789000,224.062,12.524,78.388,441.849,-278.216,159.940,419.850,-641.370,173.070
273,43674.829000,314.885,19.538,8.930,456.336,-280.507,137.277,-40.150,-866.370,-270.930
274,43674.869000,308.897,38.575,43.659,456.484,-269.370,129.719,-129.150,-135.370,-393.930
275,43674.921000,148.211,-3.507,53.581,464.285,-267.263,133.725,-353.150,116.630,-99.930
276,43674.966000,185.138,-29.558,86.326,458.378,-271.497,119.826,-1212.150,33.630,-81.930
277,43674.974000,293.926,-42.583,95.256,468.069,-269.259,92.364,-954.150,-699.370,-236.930
278,43675.11000,375.766,-88.673,28.775,467.973,-275.879,92.180,-165.150,288.630,-232.930
279,43675.55000,220.070,-45.589,62.512,466.215,-265.083,108.215,265.850,312.630,109.070
280,43675.104000,251.010,51.601,-11.907,465.181,-268.223,97.306,-176.150,-287.370,92.070
281,43675.141000,318.877,13.526,-67.473,466.030,-276.694,98.055,-125.150,185.630,289.070
282,43675.181000,277.957,-37.573,4.961,454.208,-289.861,106.522,116.850,547.630,333.070
283,43675.208000,210.090,-29.558,47.628,451.352,-287.642,120.349,154.850,524.630,173.070
284,43675.229000,205.099,-5.511,28.775,443.530,-292.323,126.107,-95.150,226.630,67.070
285,43675.276000,240.031,-12.524,23.814,450.369,-288.575,121.305,-394.150,106.630,-41.930
286,43675.309000,279.953,-26.552,40.682,444.420,-297.195,120.072,-611.150,215.630,-88.930
287,43675.357000,255.002,-38.575,43.659,449.265,-297.232,116.145,-623.150,332.630,-96.930
288,43675.390000,246.020,-42.583,43.659,446.370,-295.513,111.269,-687.150,304.630,-125.930
289,43675.430000,260.990,-46.591,51.597,449.306,-293.633,109.359,-572.150,259.630,-183.930
290,43675.470000,275.961,-55.609,58.543,446.333,-298.297,113.159,-411.150,368.630,-177.930
291,43675.509000,229.053,-47.593,74.419,448.382,-290.731,112.389,-329.150,461.630,-169.930
292,43675.529000,199.111,-8.517,86.326,449.304,-294.421,115.239,-339.150,417.630,-188.930
293,43675.572000,181.146,8.517,92.279,449.467,-283.861,121.435,-154.150,433.630,-324.930
294,43675.611000,129.248,44.587,94.264,455.345,-280.784,127.432,-83.150,212.630,-485.930
295,43675.655000,184.140,30.560,90.295,463.294,-267.540,123.879,-138.150,-35.370,-410.930
296,43675.689000,296.920,-34.568,43.659,460.266,-274.464,113.845,-518.150,-398.370,318.070
297,43675.729000,273.965,-76.650,10.915,453.296,-286.040,108.594,-376.150,198.630,626.070
298,43675.770000,256.000,-44.587,43.659,444.317,-302.371,103.206,-533.150,-39.370,170.070
299,43675.816000,296.920,-30.560,40.682,445.306,-299.810,92.460,-497.150,-58.370,-32.930
300,43675.845000,344.827,-46.591,-23.814,448.216,-299.033,84.617,-109.150,-359.370,-63.930
301,43675.870000,319.875,-56.611,-23.814,450.350,-285.767,84.990,-46.150,199.630,-269.930
302,43675.910000,250.012,-20.540,1.984,451.305,-287.487,90.845,-155.150,341.630,-301.930
303,43675.957000,206.097,-28.556,16.868,454.361,-277.910,94.068,-91.150,145.630,-199.930
304,43675.990000,224.062,-56.611,0.992,460.098,-283.554,91.953,49.850,-95.370,-154.930
305,43676.31000,233.045,-39.577,6.946,460.261,-272.233,91.285,98.850,-59.370,-67.930
306,43676.70000,226.058,-5.511,120.062,462.053,-282.581,91.983,-1.150,23.630,-36.930
307,43676.111000,239.033,-72.642,117.085,464.106,-274.201,86.318,-67.150,-307.370,11.070
308,43676.131000,208.094,23.546,82.357,467.928,-278.007,83.268,146.850,-165.370,-285.930
309,43676.170000,232.047,44.587,65.488,470.051,-264.872,78.719,-10.150,-341.370,-181.930
310,43676.210000,285.942,-24.548,90.295,469.070,-264.256,66.931,-209.150,-328.370,16.070
311,43676.257000,292.928,-49.597,93.271,467.991,-271.047,60.839,-61.150,-271.370,87.070
312,43676.290000,252.008,-26.552,74.419,466.949,-275.054,52.857,12.850,-212.370,257.070
313,43676.340000,243.025,-15.530,52.589,461.994,-281.822,49.709,-78.150,-298.370,238.070
314,43676.374000,229.053,-11.523,75.411,462.829,-290.476,43.568,-172.150,-279.370,186.070
315,43676.396000,176.156,-7.515,90.295,461.934,-284.134,33.907,-118.150,-436.370,48.070
316,43676.430000,196.117,-18.536,83.349,463.796,-288.205,21.994,31.850,-447.370,-121.930
317,43676.470000,264.982,-48.595,47.628,465.849,-279.825,16.329,137.850,-518.370,-14.930
318,43676.510000,268.975,-25.550,40.682,462.704,-295.942,15.875,337.850,38.630,425.070
319,43676.551000,221.068,-24.548,44.651,452.034,-295.988,19.790,247.850,-107.370,348.070
320,43676.591000,252.008,-109.714,-9.922,454.791,-305.640,10.674,189.850,-797.370,38.070
321,43676.647000,321.871,-75.648,-53.581,452.978,-295.555,0.132,595.850,-657.370,-151.930
322,43676.671000,317.879,-43.585,-22.822,455.897,-296.196,9.955,803.850,-68.370,-38.930
323,43676.691000,270.971,-4.509,-0.992,451.111,-293.086,22.820,527.850,106.630,99.070
324,43676.740000,224.062,-10.521,30.760,454.896,-300.438,28.524,265.850,47.630,99.070
325,43676.780000,257.996,-44.587,-5.953,454.969,-295.657,30.624,303.850,-110.370,8.070
326,43676.812000,305.903,-52.603,-16.868,457.918,-293.593,35.604,370.850,111.630,-78.930
327,43676.852000,290.932,-34.568,-10.915,456.072,-288.550,48.528,338.850,507.630,-125.930
328,43676.892000,261.988,-36.571,-1.984,458.040,-288.941,68.193,391.850,537.630,-133.930
329,43676.932000,252.008,-35.569,16.868,458.070,-288.547,82.958,480.850,441.630,-157.930
330,43676.976000,245.021,-23.546,20.837,461.155,-277.814,94.082,575.850,452.630,-187.930
331,43676.996000,238.035,2.505,27.783,459.295,-274.478,113.843,537.850,495.630,-161.930
332,43677.34000,232.047,1.503,52.589,457.479,-268.279,134.669,501.850,517.630,-99.930
333,43677.74000,214.082,-8.517,68.465,451.701,-266.994,150.432,619.850,404.630,-27.930
334,43677.122000,203.103,-5.511,76.403,453.767,-259.979,164.402,645.850,322.630,51.070
335,43677.150000,192.125,-14.528,86.326,451.838,-260.610,177.168,599.850,215.630,218.070
336,43677.190000,185.138,-9.519,88.310,450.862,-262.225,187.941,470.850,196.630,309.070
337,43677.234000,190.129,-8.517,75.411,443.065,-265.040,192.767,171.850,96.630,253.070
338,43677.270000,246.020,-35.569,72.434,442.144,-262.112,196.782,273.850,-22.370,-66.930
339,43677.290000,282.947,-8.517,47.628,443.201,-256.372,198.910,262.850,43.630,-220.930
340,43677.330000,259.992,21.542,29.767,450.210,-241.986,203.257,271.850,-36.370,-332.930
341,43677.374000,283.945,26.552,13.891,452.071,-246.844,197.223,12.850,-208.370,-223.930
342,43677.421000,317.879,3.507,-14.884,456.961,-243.230,188.479,-325.150,-209.370,23.070
343,43677.450000,305.903,-10.521,-9.922,456.799,-253.764,183.268,-324.150,-142.370,114.070
344,43677.490000,251.010,-16.532,0.992,452.982,-249.143,181.423,-234.150,-24.370,97.070
345,43677.534000,225.060,-7.515,-0.992,454.740,-261.461,179.116,-101.150,-114.370,90.070
346,43677.577000,215.080,-4.509,5.953,453.834,-256.038,170.413,-56.150,-263.370,120.070
347,43677.604000,220.070,-13.526,30.760,455.694,-260.136,157.515,-106.150,-506.370,129.070
348,43677.631000,257.996,-38.575,77.395,455.485,-273.585,149.272,-81.150,-534.370,260.070
349,43677.671000,250.012,-4.509,91.287,450.681,-269.950,146.414,93.850,-24.370,378.070
350,43677.712000,192.125,-11.523,104.186,447.655,-278.371,151.093,26.850,-67.370,283.070
351,43677.754000,245.021,-11.523,72.434,444.617,-285.426,136.137,-391.150,-300.370,177.070
352,43677.793000,284.943,-39.577,47.628,443.528,-292.349,125.123,-208.150,-301.370,26.070
353,43677.837000,269.973,-58.614,36.713,446.477,-289.523,123.239,-101.150,-196.370,-229.930
354,43677.857000,236.039,-42.583,43.659,453.407,-279.236,115.668,159.850,-194.370,-49.930
355,43677.898000,230.051,-77.652,44.651,450.387,-286.816,116.436,232.850,-346.370,149.070
356,43677.931000,239.033,-62.622,59.535,455.195,-289.637,114.399,164.850,-410.370,178.070
357,43677.975000,234.043,-31.562,69.457,454.194,-290.807,106.495,183.850,-412.370,-58.930
358,43678.13000,237.037,15.530,64.496,458.248,-278.564,102.908,21.850,-260.370,-353.930
359,43678.56000,264.982,44.587,63.504,463.090,-277.865,91.133,-368.150,-74.370,-260.930
360,43678.92000,266.979,-23.546,40.682,469.101,-265.384,95.424,-183.150,292.630,-218.930
361,43678.135000,231.049,-56.611,27.783,468.113,-267.158,100.291,13.850,313.630,-173.930
362,43678.160000,288.936,28.556,-26.791,469.138,-262.600,93.535,-164.150,-256.370,155.070
363,43678.197000,288.936,23.546,-34.729,463.106,-276.132,85.279,-138.150,-82.370,280.070
364,43678.237000,277.957,15.530,-22.822,462.161,-275.042,91.210,-188.150,251.630,156.070
365,43678.277000,253.006,-29.558,-5.953,464.008,-281.608,92.014,-127.150,328.630,73.070
366,43678.315000,251.010,-18.536,6.946,461.094,-282.437,97.887,-404.150,348.630,-16.930
367,43678.351000,274.963,-21.542,-0.992,462.002,-286.311,93.847,-627.150,196.630,-63.930
368,43678.397000,294.924,-49.597,-7.938,463.027,-281.753,87.090,-684.150,104.630,-124.930
369,43678.432000,282.947,-67.632,-13.891,461.049,-284.565,88.976,-340.150,454.630,-18.930
370,43678.461000,256.998,-32.564,21.829,456.145,-289.125,97.693,-162.150,571.630,62.070
371,43678.493000,239.033,-12.524,22.822,454.161,-292.777,103.490,-372.150,401.630,45.070
372,43678.534000,229.053,-33.566,29.767,453.277,-287.064,105.614,-530.150,338.630,-88.930
373,43678.574000,233.045,-56.611,44.651,451.288,-290.008,102.578,-382.150,310.630,-198.930
374,43678.612000,228.055,-45.589,47.628,454.247,-287.050,105.616,-206.150,306.630,-119.930
375,43678.657000,222.066,-24.548,74.419,454.163,-293.512,111.338,-179.150,309.630,-38.930
376,43678.699000,215.080,-9.519,86.326,453.338,-283.964,115.537,-76.150,230.630,-103.930
377,43678.740000,197.115,13.526,88.310,456.266,-282.951,116.554,-99.150,151.630,-204.930
378,43678.756000,210.090,21.542,82.357,455.403,-275.426,115.778,-111.150,119.630,-337.930
379,43678.791000,197.115,-30.560,66.481,458.388,-270.604,117.884,-284.150,228.630,-30.930
380,43678.846000,203.103,-54.607,58.543,447.548,-282.076,118.530,-288.150,232.630,159.070
381,43678.880000,252.008,-35.569,53.581,449.412,-286.882,114.465,-297.150,9.630,285.070
382,43678.914000,319.875,-9.519,8.930,447.357,-294.527,112.282,-318.150,-195.370,280.070
383,43678.955000,319.875,-62.622,-26.791,448.331,-292.938,100.525,-105.150,-345.370,-57.930
384,43678.995000,334.846,-38.575,-46.636,452.351,-283.427,100.796,91.850,29.630,-255.930
385,43679.15000,286.940,-8.517,-9.922,455.320,-280.338,108.756,140.850,369.630,-344.930
386,43679.55000,209.092,-2.505,12.899,456.281,-281.217,110.700,-37.150,211.630,-301.930
387,43679.95000,205.099,-11.523,3.969,460.276,-273.571,111.903,-144.150,38.630,-165.930
388,43679.141000,214.082,-15.530,29.767,459.301,-273.637,109.932,-161.150,-61.370,-85.930
389,43679.176000,215.080,-47.593,116.093,464.238,-267.107,104.221,-308.150,-207.370,-117.930
390,43679.222000,212.086,-4.509,108.155,464.274,-264.349,101.347,-276.150,-63.370,-301.930
391,43679.255000,195.119,31.562,88.310,473.051,-260.627,94.580,-154.150,-193.370,-334.930
392,43679.295000,242.027,41.581,65.488,475.952,-259.956,82.800,-396.150,-488.370,-225.930
393,43679.319000,318.877,-34.568,77.395,479.871,-255.594,67.190,-331.150,-315.370,2.070
394,43679.355000,279.953,-52.603,86.326,475.882,-262.401,62.076,-203.150,-145.370,108.070
395,43679.395000,244.023,-8.517,69.457,477.814,-262.505,57.158,-228.150,-188.370,117.070
396,43679.432000,233.045,-9.519,75.411,473.791,-271.281,49.039,-202.150,-176.370,147.070
397,43679.479000,201.107,-15.530,95.256,472.737,-276.207,42.015,-205.150,-263.370,126.070
398,43679.515000,190.129,-14.528,96.248,469.847,-273.675,32.244,-31.150,-321.370,30.070
399,43679.555000,228.055,-12.524,74.419,475.725,-269.048,25.497,-19.150,-402.370,-12.930
400,43679.598000,284.943,-20.540,62.512,471.711,-277.719,21.315,81.850,-300.370,74.070
401,43679.619000,226.058,-18.536,64.496,462.894,-283.491,22.123,139.850,134.630,273.070
402,43679.656000,205.099,-9.519,77.395,465.905,-276.804,23.298,33.850,75.630,220.070
403,43679.692000,251.010,-22.544,47.628,460.925,-284.648,15.202,-2.150,-531.370,283.070
404,43679.749000,275.961,-71.640,-16.868,459.832,-292.385,9.084,278.850,-581.370,130.070
405,43679.785000,302.908,-38.575,-35.721,460.848,-288.720,4.269,175.850,-384.370,65.070
406,43679.817000,290.932,-41.581,-33.736,455.904,-294.568,0.164,-27.150,34.630,16.070
407,43679.852000,274.963,-65.628,-10.915,460.909,-284.859,7.328,81.850,118.630,-138.930
408,43679.894000,272.967,-42.583,-7.938,461.831,-288.548,10.177,435.850,239.630,-154.930
409,43679.921000,278.955,-19.538,-9.922,459.977,-284.372,26.028,525.850,270.630,27.070
410,43679.955000,269.973,-35.569,3.969,459.968,-286.788,41.699,398.850,411.630,43.070
411,43679.992000,250.012,-35.569,20.837,462.000,-282.504,59.526,470.850,479.630,-51.930
412,43680.37000,228.055,-33.566,24.806,463.932,-284.131,68.337,667.850,432.630,-88.930
413,43680.72000,223.064,-20.540,38.698,461.167,-276.894,93.124,778.850,455.630,-72.930
414,43680.112000,223.064,-11.523,41.674,461.270,-271.719,109.989,872.850,348.630,3.070
415,43680.152000,225.060,-4.509,54.574,460.416,-266.372,133.743,960.850,219.630,138.070
416,43680.179000,219.072,-15.530,67.473,454.521,-273.520,152.223,948.850,173.630,186.070
417,43680.218000,194.121,-15.530,77.395,450.774,-264.906,158.358,848.850,94.630,219.070
418,43680.264000,199.111,-1.503,83.349,445.896,-268.363,173.008,688.850,130.630,269.070
419,43680.296000,200.109,-1.503,60.527,443.100,-261.521,183.029,442.850,67.630,302.070
420,43680.336000,259.992,-37.573,74.419,440.098,-268.103,185.792,445.850,-14.370,19.070
421,43680.386000,276.959,-10.521,65.488,445.105,-258.367,193.940,518.850,126.630,-64.930
422,43680.416000,279.953,34.568,38.698,448.137,-250.629,199.078,354.850,54.630,-176.930
423,43680.460000,243.025,27.554,19.845,446.270,-245.850,202.159,-3.150,147.630,-160.930
424,43680.480000,279.953,-1.503,2.977,450.984,-254.502,194.057,-344.150,-119.370,-71.930
425,43680.520000,306.901,-15.530,-7.938,449.131,-248.015,190.300,-267.150,-140.370,-78.930
426,43680.560000,285.942,-6.513,-7.938,454.949,-248.012,187.359,-349.150,-28.370,-99.930
427,43680.600000,228.055,0.501,3.969,450.056,-250.130,181.391,-384.150,-120.370,-22.930
428,43680.640000,208.094,-6.513,12.899,455.820,-253.121,172.465,-285.150,-253.370,17.070
429,43680.681000,222.066,-24.548,41.674,453.823,-255.409,158.627,-140.150,-390.370,56.070
430,43680.714000,279.953,-22.544,52.589,461.527,-258.399,148.721,-165.150,-594.370,154.070
431,43680.754000,283.945,-31.562,71.442,454.554,-270.027,141.500,2.850,-262.370,278.070
432,43680.774000,212.086,-46.591,85.333,453.563,-271.827,145.383,274.850,1.630,309.070
433,43680.814000,223.064,-11.523,83.349,449.614,-276.583,146.228,151.850,-166.370,209.070
434,43680.854000,262.986,-4.509,58.543,448.679,-273.839,143.352,17.850,-270.370,227.070
435,43680.902000,283.945,-49.597,41.674,448.519,-284.346,139.125,87.850,-208.370,-48.930
436,43680.949000,248.016,-33.566,39.690,452.592,-271.079,138.517,120.850,-181.370,-228.930
437,43680.977000,226.058,-24.548,46.636,452.559,-273.049,135.511,199.850,-210.370,49.070
438,43681.17000,211.088,-57.613,49.612,458.355,-274.097,128.607,165.850,-324.370,138.070
439,43681.72000,217.076,-74.646,55.566,457.323,-277.972,125.546,225.850,-502.370,67.070
440,43681.81000,246.020,-20.540,63.504,462.316,-267.659,119.940,277.850,-397.370,-216.930
441,43681.117000,286.940,44.587,61.519,467.228,-262.994,115.160,100.850,-279.370,-346.930
442,43681.162000,299.914,51.601,53.581,469.169,-262.966,115.164,-166.150,206.630,-59.930
443,43681.200000,234.043,-19.538,30.760,467.181,-266.671,118.992,-141.150,349.630,16.070
444,43681.234000,233.045,12.524,22.822,466.308,-260.039,120.159,-337.150,275.630,103.070
445,43681.275000,286.940,21.542,-17.860,461.305,-269.722,113.979,-434.150,-90.370,250.070
446,43681.314000,279.953,-1.503,-10.915,460.164,-281.162,110.708,-507.150,225.630,291.070
447,43681.354000,250.012,-22.544,-5.953,454.297,-284.108,109.633,-676.150,274.630,215.070
448,43681.381000,246.020,-27.554,1.984,450.372,-286.239,102.682,-628.150,240.630,50.070
449,43681.415000,241.029,-51.601,17.860,447.352,-293.819,103.449,-314.150,110.630,-75.930
450,43681.469000,254.004,-57.613,10.915,453.237,-289.113,99.656,-222.150,35.630,-21.930
451,43681.495000,277.957,-44.587,-5.953,448.262,-297.666,100.393,-51.150,164.630,56.070
452,43681.535000,300.912,-36.571,2.977,448.357,-291.835,106.457,-45.150,396.630,127.070
453,43681.575000,270.971,-22.544,26.791,445.266,-304.931,112.973,-188.150,479.630,110.070
454,43681.615000,237.037,-44.587,46.636,443.447,-297.235,119.085,-353.150,365.630,-77.930
455,43681.635000,247.018,-49.597,50.605,440.512,-299.115,120.995,-294.150,342.630,-179.930
456,43681.675000,253.006,-31.562,53.581,442.539,-293.361,123.126,-177.150,332.630,-114.930
457,43681.722000,222.066,-34.568,64.496,439.506,-302.648,130.732,-104.150,349.630,-47.930
458,43681.759000,206.097,-30.560,84.341,440.585,-295.857,136.824,-105.150,366.630,-94.930
459,43681.799000,190.129,-16.532,95.256,439.548,-301.334,144.539,26.850,289.630,-108.930
460,43681.845000,183.142,-9.519,99.225,438.782,-287.189,143.947,71.850,124.630,-131.930
461,43681.883000,173.162,7.515,101.209,444.521,-292.807,142.817,-132.150,36.630,-386.930
462,43681.916000,183.142,37.573,70.450,450.559,-277.673,140.297,-219.150,-61.370,-430.930
463,43681.942000,244.023,-9.519,68.465,453.431,-279.681,134.345,-210.150,-217.370,-37.930
464,43681.981000,315.883,-88.673,-8.930,445.646,-280.055,124.485,-146.150,-53.370,416.070
465,43682.21000,274.963,-35.569,33.736,446.369,-297.062,124.013,-341.150,-27.370,293.070
466,43682.59000,268.975,-40.579,40.682,440.543,-296.410,116.153,-309.150,-71.370,21.070
467,43682.107000,321.871,-61.620,-25.798,445.374,-296.630,105.335,98.850,-429.370,-203.930
468,43682.135000,316.881,-15.530,-20.837,447.555,-280.448,108.740,158.850,-1.370,-259.930
469,43682.175000,255.002,8.517,6.946,449.500,-280.368,110.712,-60.150,313.630,-166.930
470,43682.219000,214.082,-21.542,18.853,451.426,-282.074,116.570,-291.150,245.630,-106.930
471,43682.239000,216.078,-30.560,10.915,452.373,-283.137,111.624,-292.150,-32.370,-110.930
472,43682.275000,221.068,-37.573,36.713,455.361,-277.501,108.835,-264.150,-49.370,-186.930
473,43682.316000,196.117,-38.575,85.333,456.279,-280.482,102.852,-202.150,-166.370,-300.930
474,43682.362000,216.078,-6.513,84.341,463.177,-272.139,93.259,-155.150,-125.370,-389.930
475,43682.396000,200.109,38.575,73.426,469.117,-263.651,89.571,-332.150,-183.370,-337.930
476,43682.439000,243.025,-21.542,75.411,471.081,-260.262,73.931,-378.150,-423.370,-194.930
477,43682.475000,285.942,-75.648,64.496,474.040,-256.544,70.105,-158.150,-405.370,-122.930
478,43682.517000,283.945,-29.558,46.636,478.774,-263.384,59.103,28.850,-325.370,79.070
479,43682.537000,280.951,1.503,36.713,472.991,-259.868,52.306,65.850,-343.370,184.070
480,43682.579000,267.977,10.521,49.612,472.930,-263.730,49.247,64.850,-239.370,171.070
481,43682.615000,254.004,-4.509,63.504,470.869,-271.454,44.111,78.850,-186.370,168.070
482,43682.656000,236.039,-14.528,79.380,467.874,-277.169,43.947,55.850,-181.370,157.070
483,43682.696000,206.097,-23.546,94.264,465.955,-275.384,41.042,206.850,-131.370,393.070
484,43682.739000,228.055,-35.569,93.271,456.011,-292.411,45.470,221.850,-31.370,522.070
485,43682.784000,277.957,-47.593,78.388,453.087,-293.372,46.422,187.850,96.630,356.070
486,43682.797000,246.020,8.517,40.682,446.163,-302.819,50.082,-43.150,44.630,210.070
487,43682.837000,226.058,-61.620,3.969,446.086,-307.653,46.013,111.850,-430.370,80.070
488,43682.877000,282.947,-60.618,-34.729,445.203,-300.391,35.394,217.850,-400.370,-36.930
489,43682.917000,256.000,-29.558,5.953,451.051,-299.231,40.354,211.850,33.630,21.070
490,43682.957000,253.006,-24.548,1.984,451.890,-307.833,36.182,-29.150,-71.370,88.070
491,43682.997000,276.959,-53.605,-26.791,452.951,-301.279,33.415,-29.150,-128.370,16.070
492,43683.37000,301.910,-58.614,-27.783,446.111,-305.026,38.217,194.850,35.630,-54.930
493,43683.79000,295.922,-55.609,-12.899,451.093,-297.156,47.297,261.850,358.630,-109.930
494,43683.103000,281.949,-54.607,-2.977,450.101,-300.504,63.924,279.850,483.630,-158.930
495,43683.142000,261.988,-45.589,-1.984,449.208,-296.446,74.855,435.850,526.630,-186.930
496,43683.176000,240.031,-32.564,20.837,453.199,-291.136,94.681,651.850,552.630,-145.930
497,43683.217000,222.066,-4.509,38.698,452.422,-280.195,115.640,677.850,586.630,-63.930
498,43683.256000,212.086,3.507,57.550,448.629,-276.781,139.335,699.850,423.630,29.070
499,43683.298000,201.107,-6.513,64.496,447.689,-275.639,147.234,679.850,217.630,0.070
500,43683.338000,188.133,-10.521,79.380,448.715,-273.365,161.070,595.850,147.630,48.070
501,43683.379000,201.107,-12.524,91.287,448.815,-267.455,170.087,311.850,97.630,131.070
502,43683.399000,213.084,-35.569,84.341,444.809,-276.020,169.842,189.850,106.630,91.070
503,43683.463000,248.016,-43.585,86.326,439.127,-267.355,178.926,584.850,45.630,110.070
504,43683.477000,262.986,5.511,69.457,442.087,-265.159,188.828,544.850,51.630,82.070
505,43683.530000,263.984,30.560,34.729,439.259,-259.501,189.964,-9.150,54.630,-248.930
506,43683.571000,214.082,40.579,31.752,445.081,-259.444,188.992,-265.150,153.630,-294.930
507,43683.597000,277.957,-22.544,27.783,449.981,-254.937,178.306,-386.150,-294.370,-367.930
508,43683.636000,349.817,-29.558,-36.713,457.791,-251.176,173.506,-247.150,-157.370,-95.930
509,43683.683000,284.943,-1.503,-6.946,453.839,-255.198,166.502,-297.150,-43.370,150.070
510,43683.696000,220.070,-14.528,3.969,453.733,-261.949,161.396,-241.150,-189.370,161.070
511,43683.740000,211.088,-6.513,-6.946,452.735,-263.093,154.477,-96.150,-255.370,-8.930
512,43683.776000,232.047,1.503,19.845,457.631,-259.399,148.686,-16.150,-369.370,-60.930
513,43683.816000,272.967,-34.568,75.411,455.569,-266.362,136.686,-94.150,-578.370,112.070
514,43683.856000,258.994,-39.577,79.380,458.424,-269.368,128.738,43.850,-393.370,299.070
515,43683.897000,212.086,-18.536,100.217,450.570,-275.993,132.475,258.850,-34.370,454.070
516,43683.938000,257.996,-25.550,63.504,452.435,-280.799,128.410,-29.150,-312.370,141.070
517,43683.959000,293.926,-28.556,56.558,453.299,-287.536,123.306,-134.150,-187.370,-132.930
518,43683.997000,280.951,-24.548,52.589,461.263,-273.347,119.780,80.850,-190.370,-348.930
519,43684.40000,223.064,-20.540,39.690,464.180,-272.465,115.875,128.850,-161.370,-182.930
520,43684.80000,216.078,-54.607,32.744,466.186,-267.762,114.042,32.850,-250.370,68.070
521,43684.124000,207.096,-76.650,67.473,461.246,-272.796,105.041,57.850,-346.370,71.070
522,43684.163000,209.092,-12.524,71.442,472.113,-258.671,97.583,171.850,-384.370,-409.930
523,43684.199000,265.980,72.642,41.674,475.059,-255.898,93.731,26.850,-181.370,-409.930
524,43684.257000,261.988,23.546,18.853,480.006,-249.236,92.941,-128.150,112.630,-181.930
525,43684.267000,265.980,-32.564,14.884,482.783,-258.625,93.668,-84.150,23.630,98.070
526,43684.300000,280.951,53.605,8.930,478.951,-254.950,91.797,-179.150,-122.370,328.070
527,43684.340000,325.864,25.550,-24.806,470.034,-265.871,76.724,-751.150,-234.370,422.070
528,43684.380000,320.873,-6.513,-29.767,467.931,-275.670,64.644,-881.150,145.630,206.070
529,43684.420000,275.961,-78.654,-6.946,468.839,-280.306,67.468,-376.150,369.630,-45.930
530,43684.459000,226.058,-34.568,30.760,470.884,-274.315,78.458,198.850,446.630,-147.930
531,43684.499000,228.055,10.521,38.698,466.012,-276.931,89.196,98.850,177.630,13.070
532,43684.539000,261.988,4.509,13.891,464.020,-280.688,91.056,-88.150,123.630,190.070
533,43684.559000,273.965,-43.585,-6.946,459.096,-285.512,89.930,-140.150,221.630,182.070
534,43684.598000,270.971,-23.546,-5.953,458.133,-285.420,93.865,-176.150,378.630,26.070
535,43684.647000,254.004,-5.511,16.868,458.210,-281.348,104.798,-128.150,530.630,-38.930
536,43684.680000,226.058,-13.526,48.620,451.298,-290.637,114.364,-143.150,573.630,36.070
537,43684.720000,213.084,-32.564,60.527,449.381,-289.587,119.308,-367.150,445.630,73.070
538,43684.763000,259.992,-37.573,64.496,449.304,-295.182,122.103,-318.150,390.630,-19.930
539,43684.805000,255.002,-38.575,63.504,451.311,-291.241,127.134,-207.150,390.630,-67.930
540,43684.845000,239.033,-23.546,76.403,449.427,-287.459,128.220,-272.150,349.630,-134.930
541,43684.857000,202.105,-8.517,109.147,450.417,-286.421,131.201,-260.150,346.630,-214.930
542,43684.901000,186.136,-5.511,105.178,450.366,-290.151,133.065,-236.150,99.630,-219.930
543,43684.937000,186.136,17.534,95.256,455.282,-285.433,130.253,-446.150,41.630,-292.930
544,43684.981000,209.092,13.526,78.388,454.366,-280.141,116.628,-370.150,-113.370,-259.930
545,43685.23000,242.027,-50.599,62.512,459.205,-280.257,109.748,-328.150,-276.370,2.070
546,43685.61000,270.971,-81.659,4.961,452.335,-285.160,106.649,-109.150,-89.370,248.070
547,43685.99000,253.006,4.509,39.690,450.369,-287.053,107.577,-243.150,-48.370,363.070
548,43685.143000,278.955,-55.609,28.775,447.303,-296.761,99.433,-253.150,-150.370,402.070
549,43685.162000,323.867,-87.671,-50.605,447.214,-301.752,89.458,224.850,-494.370,-130.930
550,43685.199000,311.891,-22.544,-18.853,452.309,-285.503,93.853,403.850,88.630,-302.930
551,43685.238000,306.901,7.515,-18.853,452.369,-282.429,102.791,216.850,274.630,-295.930
552,43685.277000,246.020,14.528,16.868,453.420,-277.529,108.831,-67.150,327.630,-125.930
553,43685.320000,221.068,-32.564,16.868,454.367,-279.354,110.749,-79.150,88.630,-78.930
554,43685.361000,235.041,-35.569,14.884,455.350,-278.421,109.793,-10.150,-29.370,-129.930
555,43685.401000,231.049,-22.544,85.333,460.311,-270.813,109.029,-67.150,-4.370,-241.930
556,43685.422000,207.096,-12.524,95.256,461.282,-270.799,109.031,-112.150,-30.370,-267.930
557,43685.462000,166.175,46.591,83.349,469.072,-268.063,101.251,-240.150,-175.370,-182.930
558,43685.501000,203.103,2.505,66.481,471.999,-265.527,88.540,-398.150,-419.370,-150.930
559,43685.546000,316.881,-81.659,66.481,478.818,-262.043,73.894,-301.150,-485.370,-127.930
560,43685.580000,303.906,-66.630,60.527,469.958,-269.916,66.775,28.850,-230.370,157.070
561,43685.621000,264.982,-19.538,67.473,469.031,-267.067,67.836,198.850,-235.370,331.070
562,43685.661000,261.988,-2.505,65.488,465.942,-278.614,61.608,221.850,-202.370,225.070
563,43685.701000,212.086,24.548,110.140,464.887,-284.328,60.464,63.850,-111.370,161.070
564,43685.721000,189.131,7.515,103.194,463.902,-285.287,60.436,90.850,-59.370,159.070
565,43685.761000,215.080,-38.575,94.264,460.896,-291.921,61.230,99.850,-133.370,211.070
566,43685.801000,284.943,-44.587,74.419,459.071,-284.305,64.389,200.850,-7.370,84.070
567,43685.846000,276.959,60.618,76.403,458.049,-287.287,59.387,-107.150,-93.370,180.070
568,43685.878000,245.021,-38.575,47.628,455.019,-294.999,55.233,-258.150,10.630,92.070
569,43685.918000,256.998,-118.732,-31.752,457.006,-289.771,37.676,-456.150,-721.370,-308.930
570,43685.967000,292.928,-38.575,-35.721,464.834,-285.012,34.871,-16.150,-69.370,-384.930
571,43686.0,270.971,21.542,3.969,464.966,-276.396,39.045,44.850,149.630,-68.930
572,43686.20000,239.033,-44.587,10.915,467.902,-274.516,37.135,-321.150,132.630,-16.930
573,43686.77000,248.016,-67.632,-4.961,468.788,-280.203,35.995,-117.150,44.630,-147.930
574,43686.100000,246.020,-53.605,4.961,471.867,-269.549,44.166,476.850,183.630,-111.930
575,43686.140000,257.996,-21.542,17.860,470.852,-273.975,55.844,444.850,212.630,9.070
576,43686.180000,253.006,-12.524,24.806,473.825,-270.833,65.772,437.850,177.630,66.070
577,43686.226000,257.996,-34.568,16.868,472.836,-273.394,76.519,626.850,131.630,53.070
578,43686.258000,256.998,-31.562,28.775,469.954,-273.041,91.278,784.850,240.630,51.070
579,43686.299000,250.012,15.530,44.651,466.249,-263.113,111.220,972.850,280.630,158.070
580,43686.319000,214.082,10.521,67.473,465.222,-268.458,123.857,886.850,28.630,243.070
581,43686.358000,193.123,-12.524,62.512,460.459,-262.748,127.942,739.850,-77.370,208.070
582,43686.400000,195.119,-19.538,75.411,458.385,-272.940,136.508,591.850,37.630,252.070
583,43686.439000,242.027,-44.587,75.411,449.640,-274.718,145.296,305.850,32.630,245.070
584,43686.495000,230.051,-58.614,59.535,453.623,-268.753,154.321,357.850,262.630,60.070
585,43686.521000,207.096,-31.562,61.519,450.820,-262.778,167.270,559.850,308.630,-120.930
586,43686.562000,243.025,69.636,32.744,459.621,-258.740,172.315,357.850,-117.370,-273.930
587,43686.582000,269.973,40.579,3.969,456.903,-245.516,173.662,224.850,42.630,-280.930
588,43686.622000,335.844,14.528,-7.938,461.656,-252.119,171.519,-329.150,-138.370,-13.930
589,43686.662000,323.867,-0.501,-20.837,457.751,-252.464,160.683,-536.150,-55.370,202.070
590,43686.712000,272.967,-30.560,0.992,457.641,-259.268,153.608,-513.150,-77.370,217.070
591,43686.742000,216.078,-34.568,8.930,453.764,-258.482,149.689,-228.150,-6.370,53.070
592,43686.782000,207.096,-10.521,7.938,458.472,-267.975,145.498,-85.150,-109.370,-53.930
593,43686.822000,246.020,13.526,10.915,456.544,-266.296,138.657,-261.150,-334.370,-23.930
594,43686.860000,259.992,-10.521,42.667,461.363,-267.436,128.797,-290.150,-462.370,153.070
595,43686.881000,264.982,-40.579,62.512,459.233,-279.127,116.665,-286.150,-366.370,333.070
596,43686.926000,260.990,-51.601,74.419,453.281,-287.011,107.583,-122.150,-50.370,313.070
597,43686.966000,220.070,-50.599,82.357,450.345,-288.891,109.493,-55.150,-41.370,161.070
598,43687.0,221.068,-22.544,78.388,449.366,-289.010,105.554,21.850,-201.370,78.070
599,43687.42000,260.990,-36.571,66.481,450.207,-297.586,102.366,19.850,-227.370,41.070
600,43687.82000,271.969,-53.605,41.674,452.241,-290.992,100.585,126.850,-250.370,-176.930
601,43687.123000,249.014,-34.568,45.643,455.204,-287.221,98.728,314.850,-256.370,-64.930
602,43687.173000,243.025,-56.611,44.651,454.267,-285.264,101.732,452.850,-283.370,98.070
603,43687.180000,218.074,-48.595,50.605,455.017,-300.381,101.312,420.850,-193.370,117.070
604,43687.221000,231.049,-2.505,61.519,452.192,-294.696,103.433,323.850,-231.370,52.070
605,43687.261000,254.004,52.603,56.558,458.141,-285.315,97.802,-187.150,-17.370,-249.930
606,43687.306000,258.994,55.609,80.372,466.993,-276.786,94.120,-591.150,136.630,-243.930
607,43687.340000,257.996,-46.591,24.806,463.033,-281.674,90.043,-506.150,219.630,-18.930
608,43687.387000,245.021,-83.663,16.868,460.141,-280.691,93.016,-88.150,251.630,95.070
609,43687.421000,253.006,-9.519,-27.783,455.087,-294.104,88.700,-314.150,-160.370,178.070
610,43687.461000,287.938,26.552,-32.744,454.122,-292.516,77.923,-358.150,-66.370,281.070
611,43687.481000,284.943,-40.579,-23.814,451.088,-301.041,78.664,-329.150,108.630,195.070
612,43687.520000,264.982,-56.611,-3.969,449.108,-303.879,79.566,-267.150,262.630,86.070
613,43687.561000,241.029,-49.597,34.729,447.071,-311.288,86.242,-11.150,309.630,54.070
614,43687.601000,233.045,-34.568,28.775,443.211,-309.504,84.318,-156.150,68.630,109.070
615,43687.642000,263.984,-53.605,5.953,441.235,-311.528,80.323,-103.150,0.630,23.070
616,43687.682000,283.945,-51.601,-15.876,444.115,-314.192,85.172,-105.150,235.630,-36.930
617,43687.731000,258.994,-17.534,18.853,442.255,-309.333,91.206,-250.150,524.630,-18.930
618,43687.743000,243.025,-30.560,39.690,444.243,-306.390,94.242,-317.150,395.630,-157.930
619,43687.780000,249.014,-45.589,36.713,441.320,-307.351,95.194,-393.150,246.630,-247.930
620,43687.827000,271.969,-56.611,24.806,442.396,-299.825,93.438,-335.150,310.630,-266.930
621,43687.862000,253.006,-41.581,38.698,447.207,-303.380,99.249,-237.150,433.630,-206.930
622,43687.901000,213.084,-35.569,66.481,444.319,-302.344,104.191,-135.150,430.630,-140.930
623,43687.940000,201.107,-30.560,91.287,450.285,-293.514,113.299,26.850,319.630,-151.930
624,43687.984000,200.109,-17.534,97.240,449.434,-285.831,118.429,194.850,194.630,-187.930
625,43688.36000,175.158,40.579,104.186,451.415,-283.755,124.392,73.850,334.630,-430.930
626,43688.42000,175.158,62.622,84.341,460.349,-270.313,127.732,-165.150,158.630,-486.930
627,43688.82000,258.994,-11.523,70.450,464.179,-273.253,121.755,-413.150,-104.370,-42.930
628,43688.121000,281.949,-54.607,27.783,456.307,-280.114,116.633,-321.150,1.630,364.070
629,43688.161000,233.045,-49.597,52.589,446.512,-286.004,113.501,-332.150,48.630,561.070
630,43688.202000,241.029,-69.636,41.674,436.669,-294.810,107.338,-342.150,-132.370,307.070
631,43688.248000,273.965,-55.609,28.775,441.369,-304.408,99.210,-136.150,-346.370,54.070
632,43688.282000,371.774,-40.579,-43.659,446.348,-295.041,93.578,80.850,-108.370,-136.930
633,43688.322000,311.891,-31.562,-9.922,446.383,-293.045,97.568,-42.150,228.630,-268.930
634,43688.341000,255.002,-17.534,10.915,450.315,-290.048,101.592,-174.150,268.630,-314.930
635,43688.401000,231.049,-16.532,0.992,454.267,-285.264,101.732,-169.150,178.630,-212.930
636,43688.422000,221.068,-26.552,-4.961,454.325,-280.668,96.942,-170.150,30.630,-103.930
637,43688.463000,238.035,-7.515,52.589,456.265,-280.667,95.961,-330.150,-23.370,-13.930
638,43688.507000,211.088,-81.659,93.271,451.337,-285.543,92.867,-294.150,-120.370,-132.930
639,43688.547000,217.076,-22.544,87.318,457.329,-273.299,88.299,-151.150,-68.370,-395.930
640,43688.585000,194.121,60.618,64.496,463.228,-267.648,84.532,-134.150,-174.370,-380.930
641,43688.628000,262.986,-20.540,80.372,469.017,-268.013,67.810,-400.150,-451.370,-100.930
642,43688.645000,289.934,-68.634,84.341,468.834,-279.597,58.635,-191.150,-305.370,69.070
643,43688.687000,266.979,-51.601,73.426,467.997,-270.207,56.928,36.850,-141.370,132.070
644,43688.725000,240.031,-7.515,63.504,467.845,-279.848,49.774,-16.150,-142.370,97.070
645,43688.761000,232.047,-0.501,82.357,466.863,-280.781,50.730,27.850,-99.370,31.070
646,43688.804000,204.101,-1.503,97.240,463.045,-276.160,48.885,33.850,-87.370,32.070
647,43688.848000,196.117,-25.550,78.388,463.976,-278.957,49.792,147.850,-36.370,97.070
648,43688.882000,209.092,-32.564,64.496,459.968,-287.549,48.563,178.850,-99.370,317.070
649,43688.906000,249.014,-29.558,64.496,454.125,-289.418,52.435,74.850,107.630,468.070
650,43688.948000,282.947,-3.507,27.783,452.007,-301.712,53.074,-175.150,-114.370,302.070
651,43688.983000,268.975,-50.599,-24.806,449.116,-299.180,43.303,-275.150,-228.370,24.070
652,43689.30000,290.932,-59.616,-19.845,450.033,-302.161,37.320,145.850,-358.370,-191.930
653,43689.71000,304.904,-45.589,-20.837,454.983,-295.473,37.514,276.850,-194.370,-42.930
654,43689.105000,286.940,-22.544,-6.946,452.851,-308.713,38.126,48.850,138.630,159.070
655,43689.143000,265.980,-31.562,11.907,450.143,-295.357,44.395,82.850,192.630,93.070
656,43689.183000,245.021,-47.593,21.829,451.046,-300.833,51.129,240.850,193.630,8.070
657,43689.204000,245.021,-29.558,19.845,449.199,-295.029,57.189,107.850,177.630,-75.930
658,43689.243000,253.006,-20.540,12.899,454.037,-296.693,63.053,111.850,239.630,-131.930
659,43689.281000,242.027,-27.554,1.984,451.194,-292.768,70.042,189.850,242.630,-67.930
660,43689.325000,232.047,-41.581,56.558,449.184,-298.285,76.771,255.850,125.630,79.070
661,43689.365000,230.051,-82.661,125.023,450.226,-293.516,77.889,373.850,-74.370,84.070
662,43689.405000,200.109,-57.613,90.295,450.252,-292.413,83.821,320.850,-268.370,-123.930
663,43689.448000,172.164,33.566,43.659,456.158,-286.656,83.991,447.850,-15.370,-148.930
664,43689.488000,254.004,10.521,-7.938,460.109,-281.873,84.131,658.850,-628.370,-18.930
665,43689.508000,358.799,-61.620,-9.922,460.101,-281.979,80.194,545.850,-610.370,153.070
666,43689.557000,298.916,-30.560,44.651,454.119,-294.091,89.683,377.850,199.630,402.070
667,43689.583000,222.066,16.532,100.217,450.230,-294.986,93.586,285.850,51.630,168.070
668,43689.623000,282.947,-16.532,73.426,453.239,-288.326,93.776,72.850,19.630,-125.930
669,43689.665000,264.982,-8.517,78.388,454.243,-287.103,103.648,277.850,326.630,-106.930
670,43689.705000,207.096,-31.562,103.194,450.296,-292.595,112.341,366.850,349.630,44.070
671,43689.745000,196.117,-22.544,78.388,450.436,-284.635,127.317,273.850,266.630,50.070
672,43689.785000,213.084,11.523,78.388,451.460,-281.626,133.304,335.850,210.630,75.070
673,43689.805000,208.094,-0.501,50.605,447.523,-286.225,140.054,182.850,221.630,136.070
674,43689.845000,199.111,-28.556,27.783,444.610,-287.054,145.928,32.850,202.630,106.070
675,43689.885000,226.058,-35.569,54.574,442.696,-285.190,145.977,-43.150,-21.370,88.070
676,43689.950000,268.975,-34.568,59.535,443.544,-292.900,139.862,-134.150,-181.370,162.070
677,43689.971000,296.920,-40.579,37.705,437.644,-297.816,135.781,-28.150,-76.370,154.070
678,43690.3000,254.004,-46.591,6.946,443.569,-290.273,132.066,11.850,-248.370,-55.930
679,43690.43000,268.975,-11.523,9.922,443.599,-287.594,126.239,-103.150,-200.370,-150.930
680,43690.65000,298.916,8.517,21.829,444.557,-288.500,127.199,-136.150,-71.370,-63.930
681,43690.111000,244.023,7.515,58.543,446.475,-289.550,122.255,-373.150,122.630,-153.930
682,43690.150000,233.045,-0.501,37.705,453.310,-285.855,115.484,-606.150,-25.370,-143.930
683,43690.182000,267.977,-18.536,6.946,453.281,-287.773,114.447,-143.150,74.630,-47.930
684,43690.222000,272.967,-69.636,52.589,451.344,-287.748,116.412,135.850,344.630,-136.930
685,43690.262000,256.998,-24.548,-1.984,454.214,-290.543,116.339,-150.150,-29.370,-215.930
686,43690.303000,252.008,-17.534,16.868,450.493,-279.303,114.678,-112.150,206.630,-117.930
687,43690.343000,251.010,-10.521,39.690,452.348,-285.764,119.420,129.850,156.630,9.070
688,43690.363000,242.027,-7.515,52.589,452.456,-278.986,125.510,148.850,56.630,10.070
689,43690.403000,237.037,-5.511,65.488,454.201,-293.012,130.041,84.850,39.630,33.070
690,43690.442000,240.031,1.503,63.504,447.558,-282.706,130.316,138.850,152.630,93.070
691,43690.482000,213.084,-5.511,52.589,453.209,-294.838,132.939,47.850,2.630,28.070
692,43690.522000,230.051,-11.523,41.674,449.380,-291.136,132.052,-157.150,-41.370,-39.930
693,43690.563000,256.000,-9.519,54.574,451.403,-284.674,125.350,-227.150,-63.370,-118.930
694,43690.603000,254.004,-23.546,44.651,452.387,-283.714,125.378,-197.150,-24.370,-71.930
695,43690.643000,239.033,-26.552,39.690,449.387,-289.508,122.261,-134.150,-54.370,15.070
696,43690.663000,252.008,-38.575,47.628,454.212,-290.570,115.355,-120.150,-156.370,5.070
697,43690.705000,248.016,-35.569,62.512,453.310,-285.855,115.484,-69.150,-137.370,-82.930
698,43690.746000,248.016,-17.534,64.496,455.289,-283.043,113.598,-57.150,-78.370,-152.930
699,43690.786000,254.004,-5.511,57.550,455.253,-285.040,109.608,-91.150,-25.370,-56.930
700,43690.825000,244.023,-9.519,45.643,455.293,-282.229,108.703,9.850,86.630,69.070
701,43690.863000,227.057,-24.548,50.605,451.349,-286.907,112.501,35.850,21.630,0.070
702,43690.903000,233.045,-26.552,57.550,457.307,-277.421,110.807,-89.150,-41.370,-85.930
703,43690.943000,263.984,-31.562,44.651,457.244,-281.309,106.765,-55.150,-113.370,-124.930
704,43690.963000,276.959,-31.562,36.713,455.334,-279.393,108.782,-13.150,-7.370,26.070
705,43691.3000,257.996,-30.560,41.674,451.308,-288.983,105.558,-108.150,32.630,127.070
706,43691.52000,231.049,-31.562,51.597,453.316,-284.254,104.709,-168.150,45.630,103.070
707,43691.85000,229.053,-31.562,57.550,450.314,-290.835,107.472,-99.150,6.630,27.070
708,43691.133000,241.029,-19.538,58.543,450.388,-285.267,103.692,41.850,-45.370,14.070
709,43691.177000,254.004,-9.519,48.620,450.319,-289.995,103.561,38.850,-42.370,62.070
710,43691.207000,257.996,-25.550,42.667,449.406,-286.200,104.648,-1.150,20.630,92.070
711,43691.245000,254.004,-29.558,42.667,453.237,-289.875,106.520,42.850,27.630,46.070
712,43691.270000,245.021,-26.552,49.612,449.400,-287.040,108.559,110.850,25.630,38.070
713,43691.303000,246.020,-22.544,50.605,449.318,-292.714,108.401,119.850,10.630,28.070
714,43691.343000,247.018,-21.542,47.628,446.453,-289.839,111.427,103.850,-2.370,44.070
715,43691.385000,241.029,-23.546,52.589,446.439,-290.785,111.401,134.850,2.630,62.070
716,43691.433000,237.037,-17.534,55.566,440.668,-287.873,117.374,125.850,5.630,44.070
717,43691.471000,241.029,-20.540,58.543,444.441,-295.383,117.171,94.850,-10.370,8.070
718,43691.503000,248.016,-22.544,50.605,446.510,-286.792,119.381,97.850,-27.370,-2.930
719,43691.523000,253.006,-21.542,44.651,449.326,-293.370,119.203,83.850,-3.370,10.070
720,43691.563000,254.004,-22.544,45.643,443.608,-286.701,124.297,54.850,45.630,11.070
721,43691.607000,253.006,-21.542,43.659,448.430,-288.577,122.286,57.850,60.630,25.070
722,43691.647000,254.004,-22.544,45.643,439.741,-285.784,125.299,71.850,44.630,40.070
723,43691.687000,249.014,-19.538,47.628,446.363,-297.902,127.924,62.850,44.630,31.070
724,43691.727000,242.027,-18.536,55.566,439.655,-292.272,130.037,69.850,59.630,23.070
725,43691.765000,236.039,-20.540,60.527,443.575,-289.433,128.155,73.850,21.630,29.070
726,43691.806000,238.035,-20.540,58.543,439.699,-289.409,131.100,57.850,-3.370,33.070
727,43691.832000,244.023,-20.540,55.566,439.683,-290.381,130.089,26.850,-28.370,23.070
728,43691.865000,250.012,-22.544,49.612,442.526,-295.068,129.964,31.850,-8.370,14.070
729,43691.905000,252.008,-22.544,48.620,442.624,-288.422,131.133,32.850,12.630,9.070
730,43691.953000,250.012,-24.548,50.605,443.518,-294.003,133.930,32.850,14.630,20.070
731,43691.986000,242.027,-19.538,55.566,439.636,-294.058,133.922,22.850,23.630,34.070
732,43692.27000,241.029,-18.536,55.566,439.585,-297.788,135.785,23.850,7.630,45.070
733,43692.71000,241.029,-18.536,52.589,435.684,-298.841,133.782,14.850,-20.370,47.070
734,43692.105000,246.020,-19.538,53.581,439.565,-298.813,132.806,0.850,-56.370,48.070
735,43692.125000,240.031,-18.536,52.589,438.673,-293.205,130.993,-19.150,-141.370,37.070
736,43692.165000,225.060,-19.538,64.496,437.667,-295.216,127.001,-10.150,-190.370,2.070
737,43692.217000,210.090,-16.532,75.411,441.565,-293.427,121.155,-47.150,-199.370,-15.930
738,43692.252000,246.020,1.503,59.535,439.537,-299.181,119.025,-155.150,-51.370,-15.930
739,43692.285000,297.918,14.528,40.682,444.455,-294.437,117.198,-350.150,180.630,-93.930
740,43692.325000,267.977,-12.524,49.612,439.574,-296.397,117.135,-504.150,386.630,-108.930
741,43692.365000,247.018,-51.601,59.535,442.525,-293.545,116.236,-455.150,255.630,-42.930
742,43692.405000,232.047,-72.642,43.659,434.662,-300.301,115.051,-221.150,68.630,9.070
743,43692.430000,241.029,-64.626,25.798,435.640,-299.421,112.126,-233.150,-19.370,-56.930
744,43692.478000,256.000,-30.560,47.628,432.740,-298.542,111.162,-222.150,170.630,-93.930
745,43692.506000,256.000,-17.534,65.488,440.554,-295.490,115.195,-39.150,232.630,-159.930
746,43692.547000,239.033,-16.532,77.395,442.523,-293.572,115.251,-40.150,163.630,-229.930
747,43692.585000,226.058,2.505,80.372,446.386,-294.541,112.280,-320.150,102.630,-277.930
748,43692.627000,240.031,5.511,100.217,451.361,-285.988,111.543,-357.150,186.630,-343.930
749,43692.667000,225.060,25.550,101.209,451.399,-283.965,116.517,-309.150,497.630,-269.930
750,43692.708000,144.218,29.558,84.341,454.342,-281.980,118.545,-467.150,385.630,-4.930
751,43692.728000,181.146,-20.540,64.496,448.514,-281.354,109.700,-548.150,-31.370,134.070
752,43692.765000,266.979,-44.587,58.543,442.438,-296.988,93.517,-938.150,-281.370,499.070
753,43692.806000,313.887,-102.701,15.876,437.495,-301.286,76.668,-532.150,-292.370,450.070
754,43692.853000,304.904,-101.699,-23.814,431.579,-307.174,71.576,15.850,-329.370,-63.930
755,43692.886000,338.838,-9.519,-21.829,439.366,-306.013,75.556,328.850,-127.370,-209.930
756,43692.928000,336.842,0.501,-13.891,442.378,-299.300,77.715,95.850,124.630,-102.930
757,43692.968000,273.965,-13.526,23.814,441.484,-294.480,81.782,-214.150,253.630,-175.930
758,43692.988000,225.060,-36.571,-0.992,444.441,-291.550,83.835,-262.150,212.630,-289.930
759,43693.28000,224.062,-39.577,1.984,448.436,-283.903,85.038,-48.150,156.630,-388.930
760,43693.68000,232.047,-16.532,67.473,452.350,-281.904,87.068,62.850,100.630,-315.930
761,43693.108000,226.058,-47.593,78.388,456.264,-279.144,82.233,26.850,-182.370,-159.930
762,43693.148000,214.082,10.521,79.380,462.225,-269.605,82.508,42.850,-65.370,-132.930
763,43693.195000,178.152,45.589,68.465,456.478,-264.093,79.701,-50.150,-196.370,-145.930
764,43693.227000,233.045,-18.536,79.380,459.250,-272.012,64.732,-313.150,-608.370,-153.930
765,43693.272000,301.910,-71.640,77.395,466.153,-262.828,51.228,-207.150,-473.370,-204.930
766,43693.290000,259.992,-10.521,66.481,467.065,-265.888,42.292,15.850,-141.370,-46.930
767,43693.332000,257.996,6.513,63.504,467.106,-263.051,42.371,0.850,-220.370,175.070
768,43693.366000,258.994,-13.526,72.434,467.039,-266.991,36.360,-16.150,-169.370,225.070
769,43693.406000,250.012,-14.528,75.411,465.023,-271.826,33.271,-29.150,-154.370,172.070
770,43693.452000,223.064,1.503,78.388,460.016,-282.323,31.987,53.850,-134.370,202.070
771,43693.490000,190.129,-9.519,80.372,456.096,-284.401,27.005,1.850,-244.370,214.070
772,43693.532000,209.092,-19.538,98.233,453.206,-282.630,24.098,47.850,-167.370,301.070
773,43693.567000,268.975,-59.616,84.341,447.283,-289.358,22.917,24.850,-105.370,314.070
774,43693.587000,254.004,-36.571,67.473,441.247,-304.465,26.421,17.850,171.630,323.070
775,43693.635000,218.074,-39.577,54.574,441.324,-298.871,23.626,51.850,-214.370,205.070
776,43693.667000,270.971,-92.681,-25.798,445.159,-300.970,13.738,102.850,-772.370,-3.930
777,43693.716000,326.862,-59.616,-49.612,444.211,-298.384,4.956,431.850,-444.370,-67.930
778,43693.762000,292.928,-30.560,-10.915,445.212,-297.214,12.859,428.850,113.630,-113.930
779,43693.798000,285.942,-11.523,-2.977,445.242,-296.058,20.760,121.850,127.630,-145.930
780,43693.837000,254.004,-17.534,-4.961,448.183,-294.099,21.803,42.850,226.630,-81.930
781,43693.872000,247.018,-43.585,5.953,449.170,-293.874,29.680,90.850,330.630,-56.930
782,43693.892000,265.980,-48.595,17.860,450.279,-285.927,43.674,340.850,401.630,-132.930
783,43693.926000,256.000,-49.597,23.814,455.092,-290.218,57.333,563.850,384.630,-213.930
784,43693.966000,247.018,-30.560,30.760,455.214,-284.018,77.178,707.850,406.630,-110.930
785,43694.6000,233.045,-21.542,42.667,453.347,-280.787,93.002,858.850,370.630,31.070
786,43694.50000,249.014,-14.528,53.581,451.471,-278.423,111.753,1017.850,209.630,142.070
787,43694.93000,234.043,-12.524,53.581,447.672,-275.088,132.495,1101.850,185.630,209.070
788,43694.131000,200.109,-20.540,66.481,446.795,-271.581,158.165,1174.850,183.630,236.070
789,43694.167000,193.123,-22.544,75.411,440.973,-272.398,166.002,1172.850,25.630,233.070
790,43694.187000,209.092,-4.509,65.488,437.272,-261.656,181.048,1026.850,-80.370,295.070
791,43694.235000,218.074,-0.501,72.434,433.343,-266.150,191.737,649.850,67.630,432.070
792,43694.267000,210.090,-12.524,79.380,427.510,-267.887,200.531,501.850,111.630,427.070
793,43694.315000,211.088,-1.503,77.395,424.533,-272.603,202.362,319.850,60.630,16.070
794,43694.353000,244.023,20.540,47.628,430.526,-261.121,204.659,-101.150,-230.370,-158.930
795,43694.390000,273.965,16.532,20.837,435.347,-262.234,195.783,-144.150,-124.370,-343.930
796,43694.428000,312.889,-18.536,9.922,445.215,-250.802,194.151,-171.150,-173.370,-312.930
797,43694.448000,340.834,1.503,-24.806,445.150,-253.955,182.260,-323.150,-227.370,-122.930
798,43694.488000,293.926,10.521,-8.930,445.126,-255.032,177.311,-389.150,-81.370,110.070
799,43694.528000,255.002,-5.511,-3.969,446.856,-268.480,168.088,-472.150,-16.370,87.070
800,43694.568000,208.094,-15.530,7.938,443.870,-273.329,164.997,-449.150,-42.370,-20.930
801,43694.607000,215.080,-14.528,22.822,448.801,-266.878,156.332,-372.150,-179.370,-135.930
802,43694.647000,222.066,-14.528,36.713,448.759,-268.953,149.389,-212.150,-315.370,-121.930
803,43694.687000,255.002,-17.534,76.403,450.582,-275.835,138.381,-68.150,-418.370,128.070
804,43694.731000,253.006,-18.536,90.295,447.696,-274.011,137.444,77.850,-40.370,419.070
805,43694.753000,196.117,-27.554,82.357,438.740,-289.265,137.004,-143.150,-3.370,278.070
806,43694.790000,228.055,-41.581,63.504,443.599,-288.356,133.103,-229.150,-252.370,61.070
807,43694.830000,276.959,-55.609,59.535,444.567,-287.607,125.257,-15.150,-148.370,-160.930
808,43694.870000,277.957,-24.548,57.550,450.503,-279.933,126.464,246.850,-148.370,-205.930
809,43694.913000,203.103,-45.589,49.612,451.433,-282.756,126.387,252.850,-157.370,-81.930
810,43694.956000,214.082,-67.632,47.628,456.419,-272.522,117.827,112.850,-419.370,7.070
811,43694.988000,239.033,-8.517,67.473,459.313,-273.480,115.838,354.850,-397.370,-130.930
812,43695.34000,257.996,53.605,57.550,462.431,-258.492,109.375,322.850,-482.370,-282.930
813,43695.48000,252.008,64.626,35.721,465.297,-260.579,100.470,-300.150,-190.370,-41.930
814,43695.88000,233.045,19.538,38.698,462.291,-266.452,94.400,-464.150,-8.370,90.070
815,43695.128000,256.000,-57.613,29.767,467.018,-274.159,86.324,-434.150,-229.370,14.070
816,43695.168000,298.916,-13.526,-12.899,464.182,-267.844,76.659,-333.150,-163.370,96.070
817,43695.208000,307.899,11.523,-11.907,464.993,-278.338,72.434,-352.150,70.630,168.070
818,43695.248000,276.959,29.558,-14.884,459.150,-280.206,76.307,-405.150,408.630,173.070
819,43695.288000,228.055,14.528,0.992,457.132,-285.829,79.098,-344.150,441.630,213.070
820,43695.328000,238.035,-7.515,11.907,450.363,-284.060,78.152,-506.150,244.630,106.070
821,43695.348000,287.938,-59.616,-3.969,451.186,-293.634,72.969,-561.150,51.630,29.070
822,43695.388000,300.912,-69.636,-26.791,451.233,-289.957,69.137,-344.150,223.630,-39.930
823,43695.428000,274.963,-48.595,-5.953,447.296,-294.556,75.888,-142.150,463.630,22.070
824,43695.468000,261.988,-24.548,26.791,446.339,-294.385,82.776,-101.150,532.630,90.070
825,43695.508000,250.012,-17.534,40.682,444.267,-304.552,92.326,-230.150,454.630,12.070
826,43695.548000,236.039,-18.536,58.543,443.289,-305.432,95.251,-331.150,427.630,-73.930
827,43695.588000,249.014,-25.550,47.628,444.309,-302.476,99.269,-322.150,406.630,-126.930
828,43695.608000,250.012,-51.601,53.581,441.467,-297.763,100.379,-292.150,407.630,-120.930
829,43695.648000,212.086,-33.566,75.411,443.468,-294.661,109.321,-245.150,424.630,-210.930
830,43695.688000,184.140,5.511,102.202,442.572,-289.868,112.404,-71.150,399.630,-171.930
831,43695.727000,178.152,6.513,103.194,445.504,-289.563,122.253,-5.150,257.630,-138.930
832,43695.771000,176.156,25.550,96.248,446.526,-285.820,120.392,-399.150,285.630,-335.930
833,43695.807000,192.125,12.524,80.372,449.554,-277.373,116.697,-392.150,-47.370,-383.930
834,43695.852000,260.990,-27.554,53.581,454.451,-272.892,105.027,-429.150,-241.370,-131.930
835,43695.895000,267.977,-70.638,22.822,446.407,-291.206,95.652,-103.150,-159.370,415.070
836,43695.908000,232.047,-34.568,67.473,439.485,-300.627,100.296,-138.150,187.630,585.070
837,43695.948000,259.992,-22.544,62.512,440.436,-301.638,97.319,-87.150,-165.370,337.070
838,43695.988000,310.893,-42.583,-11.907,439.425,-302.940,84.494,-157.150,-647.370,37.070
839,43696.32000,338.838,-42.583,-45.643,439.390,-304.936,80.504,-89.150,84.630,-140.930
840,43696.76000,287.938,-43.585,-1.984,439.494,-298.211,84.625,-76.150,326.630,-196.930
841,43696.108000,245.021,-34.568,16.868,440.402,-302.847,87.449,-159.150,307.630,-210.930
842,43696.150000,233.045,-37.573,19.845,439.590,-292.353,91.674,-58.150,93.630,-148.930
843,43696.198000,253.006,-46.591,15.876,444.447,-291.471,86.788,3.850,-111.370,-139.930
844,43696.215000,244.023,-52.603,63.504,445.501,-285.783,86.948,-19.150,-158.370,-240.930
845,43696.255000,234.043,-13.526,78.388,452.330,-282.929,84.088,49.850,-14.370,-291.930
846,43696.310000,179.150,43.585,75.411,456.170,-285.737,83.033,-90.150,-36.370,-242.930
847,43696.328000,204.101,8.517,80.372,462.026,-282.162,72.323,-385.150,-298.370,-196.930
848,43696.377000,230.051,-26.552,85.333,461.140,-274.953,59.735,-404.150,-317.370,-205.930
849,43696.411000,259.992,-66.630,77.395,468.979,-269.274,55.972,-132.150,-285.370,-129.930
850,43696.451000,258.994,-16.532,73.426,465.969,-275.200,47.933,-27.150,-246.370,118.070
851,43696.491000,258.994,-12.524,66.481,461.092,-276.346,42.975,-39.150,-288.370,258.070
852,43696.511000,253.006,-15.530,75.411,458.018,-286.921,37.757,-8.150,-165.370,206.070
853,43696.551000,226.058,-1.503,88.310,456.155,-281.327,35.943,67.850,-160.370,166.070
854,43696.603000,190.129,-17.534,94.264,457.914,-293.645,33.636,6.850,-242.370,110.070
855,43696.631000,194.121,-35.569,92.279,454.092,-289.077,29.822,103.850,-130.370,156.070
856,43696.671000,232.047,-39.577,70.450,448.143,-298.458,35.453,180.850,6.630,283.070
857,43696.710000,277.957,-10.521,53.581,444.250,-298.645,30.523,149.850,-200.370,304.070
858,43696.750000,280.951,-53.605,-3.969,438.229,-311.258,21.309,-65.150,-472.370,364.070
859,43696.796000,279.953,-116.728,-25.798,439.255,-307.461,21.417,293.850,-584.370,-6.930
860,43696.817000,270.971,-98.693,-24.806,439.243,-307.619,15.511,351.850,-339.370,-158.930
861,43696.850000,294.924,-35.569,-10.915,444.202,-300.800,20.627,491.850,30.630,-81.930
862,43696.898000,275.961,-17.534,2.977,442.224,-304.373,29.377,333.850,149.630,-34.930
863,43696.931000,258.994,-46.591,-5.953,446.158,-301.349,34.385,357.850,116.630,-20.930
864,43696.971000,269.973,-56.611,-2.977,445.243,-299.103,48.217,455.850,349.630,-76.930
865,43697.11000,263.984,-39.577,22.822,446.331,-292.968,65.111,525.850,398.630,-148.930
866,43697.50000,266.979,-37.573,23.814,446.392,-290.629,81.897,687.850,376.630,-123.930
867,43697.70000,234.043,-33.566,25.798,450.285,-291.204,93.691,812.850,366.630,-121.930
868,43697.118000,228.055,-7.515,44.651,447.546,-282.103,117.546,960.850,361.630,-74.930
869,43697.156000,224.062,-2.505,61.519,452.620,-269.188,138.570,1003.850,295.630,-79.930
870,43697.190000,206.097,-5.511,57.550,443.948,-266.946,156.322,1042.850,115.630,12.070
871,43697.230000,206.097,-16.532,61.519,447.945,-260.796,172.238,879.850,-8.370,198.070
872,43697.272000,211.088,-16.532,68.465,443.049,-264.490,178.029,732.850,-113.370,153.070
873,43697.312000,229.053,-6.513,69.457,446.101,-255.727,186.146,684.850,-17.370,168.070
874,43697.352000,205.099,-18.536,68.465,442.150,-261.272,192.871,594.850,53.630,356.070
875,43697.372000,202.105,12.524,82.357,438.281,-261.142,199.753,383.850,87.630,215.070
876,43697.427000,223.064,35.569,64.496,443.119,-262.046,198.752,-50.150,-173.370,-116.930
877,43697.456000,260.990,35.569,40.682,444.217,-252.707,194.096,-264.150,-103.370,-179.930
878,43697.490000,264.982,-3.507,26.791,447.107,-253.717,190.138,-292.150,7.630,-231.930
879,43697.531000,272.967,-14.528,2.977,447.069,-254.978,178.300,-456.150,-182.370,-280.930
880,43697.571000,345.825,2.505,-23.814,454.918,-248.407,172.594,-474.150,-385.370,-199.930
881,43697.612000,316.881,9.519,-8.930,453.898,-250.601,161.712,-452.150,-46.370,151.070
882,43697.663000,285.942,-6.513,2.977,455.635,-263.971,155.441,-457.150,-7.370,193.070
883,43697.670000,234.043,-31.562,-3.969,452.764,-260.414,148.650,-365.150,-125.370,24.070
884,43697.710000,216.078,-19.538,-4.961,455.577,-266.257,140.623,-185.150,-180.370,-103.930
885,43697.758000,224.062,-13.526,35.721,457.550,-263.524,135.785,37.850,-286.370,-100.930
886,43697.791000,260.990,-17.534,57.550,464.303,-265.503,128.856,23.850,-435.370,76.070
887,43697.831000,272.967,-10.521,67.473,453.443,-278.001,126.523,101.850,-144.370,297.070
888,43697.872000,202.105,-30.560,75.411,450.566,-276.045,130.507,202.850,88.630,199.070
889,43697.920000,210.090,-16.532,64.496,448.633,-275.206,127.576,71.850,-114.370,77.070
890,43697.952000,274.963,-18.536,57.550,452.535,-274.126,130.563,93.850,-279.370,41.070
891,43697.972000,273.965,-26.552,27.783,455.470,-271.485,121.789,56.850,-201.370,-141.930
892,43698.11000,238.035,-32.564,41.674,458.313,-276.172,121.664,47.850,-84.370,-114.930
893,43698.52000,231.049,-55.609,50.605,458.292,-277.223,117.700,55.850,-189.370,98.070
894,43698.101000,219.072,-57.613,74.419,458.407,-268.818,113.999,133.850,-157.370,101.070
895,43698.130000,193.123,-15.530,82.357,458.381,-269.921,108.067,109.850,-295.370,-39.930
896,43698.170000,229.053,58.614,74.419,465.229,-265.308,100.338,-253.150,-225.370,-157.930
897,43698.210000,289.934,50.599,19.845,465.226,-264.573,92.490,-534.150,-74.370,-107.930
898,43698.250000,291.930,-47.593,2.977,466.173,-265.636,87.544,-288.150,152.630,-19.930
899,43698.270000,271.969,-23.546,16.868,461.224,-273.086,94.213,-138.150,250.630,249.070
900,43698.313000,294.924,28.556,-5.953,454.333,-279.040,87.151,-512.150,86.630,375.070
901,43698.350000,282.947,2.505,8.930,450.309,-288.604,84.911,-679.150,294.630,300.070
902,43698.390000,278.955,-36.571,-17.860,449.253,-294.318,83.766,-528.150,260.630,94.070
903,43698.445000,266.979,-50.599,1.984,448.206,-299.926,86.560,-171.150,432.630,89.070
904,43698.471000,255.002,-50.599,21.829,446.246,-302.501,97.304,-93.150,455.630,112.070
905,43698.511000,267.977,-50.599,4.961,439.375,-308.192,100.085,-234.150,333.630,100.070
906,43698.531000,275.961,-36.571,13.891,436.510,-305.318,103.111,-364.150,538.630,99.070
907,43698.572000,253.006,-37.573,31.752,436.414,-312.698,109.791,-290.150,605.630,25.070
908,43698.612000,225.060,-58.614,59.535,433.601,-306.855,117.818,-218.150,520.630,-131.930
909,43698.653000,217.076,-40.579,70.450,431.587,-312.425,122.577,-203.150,331.630,-187.930
910,43698.692000,209.092,-25.550,76.403,433.721,-299.920,129.814,-131.150,300.630,-159.930
911,43698.733000,212.086,-23.546,84.341,431.666,-307.565,127.631,-188.150,278.630,-172.930
912,43698.783000,207.096,-10.521,96.248,436.643,-299.747,134.742,-215.150,329.630,-229.930
913,43698.813000,193.123,3.507,98.233,439.604,-296.002,131.900,-102.150,238.630,-344.930
914,43698.833000,138.230,29.558,106.171,444.597,-286.451,133.158,-356.150,277.630,-460.930
915,43698.891000,178.152,-11.523,94.264,448.533,-282.639,132.287,-199.150,-128.370,-376.930
916,43698.912000,279.953,-73.644,18.853,447.514,-284.808,122.389,-180.150,-279.370,142.070
917,43698.951000,274.963,-80.658,-1.984,441.559,-293.506,118.202,166.850,-119.370,509.070
918,43698.991000,256.000,-11.523,60.527,437.636,-295.611,112.236,-145.150,-231.370,414.070
919,43699.31000,293.926,18.536,32.744,436.536,-303.453,102.180,-499.150,-344.370,423.070
920,43699.78000,306.901,-56.611,-35.721,429.617,-310.537,88.200,-74.150,-531.370,154.070
921,43699.117000,303.906,-71.640,-18.853,430.505,-316.197,88.044,86.850,-14.370,-12.930
922,43699.131000,297.918,-20.540,16.868,435.507,-305.753,87.360,-163.150,255.630,-124.930
923,43699.172000,283.945,-3.507,14.884,436.374,-313.225,90.104,-167.150,224.630,-82.930
924,43699.212000,261.988,-53.605,0.000,431.593,-308.513,92.194,-189.150,108.630,-36.930
925,43699.252000,248.016,-67.632,20.837,438.313,-313.224,89.124,-248.150,76.630,-223.930
926,43699.293000,233.045,-48.595,86.326,439.529,-296.215,88.615,-234.150,-36.370,-351.930
927,43699.340000,229.053,-2.505,78.388,446.188,-304.026,75.622,-316.150,-111.370,-278.930
928,43699.380000,200.109,31.562,77.395,448.257,-294.674,70.968,-519.150,-109.370,-232.930
929,43699.413000,183.142,12.524,55.566,451.148,-294.134,54.267,-646.150,-249.370,-229.930
930,43699.435000,242.027,-64.626,79.380,455.097,-287.855,39.694,-527.150,-229.370,-162.930
931,43699.471000,302.908,-111.718,92.279,455.977,-293.620,35.600,-96.150,-148.370,-34.930
932,43699.512000,239.033,-43.585,91.287,451.092,-296.394,40.433,247.850,44.630,295.070
933,43699.553000,189.131,0.501,86.326,452.032,-299.086,45.278,197.850,-96.370,176.070
934,43699.593000,198.113,16.532,98.233,451.120,-294.503,40.486,74.850,-249.370,-131.930
935,43699.635000,221.068,-11.523,79.380,452.100,-293.596,38.545,225.850,-144.370,-125.930
936,43699.682000,220.070,-66.630,56.558,449.137,-297.367,40.403,351.850,-139.370,224.070
937,43699.715000,216.078,-37.573,70.450,446.200,-299.274,41.328,328.850,68.630,502.070
938,43699.742000,283.945,-9.519,58.543,430.463,-313.678,40.901,171.850,-496.370,605.070
939,43699.778000,263.984,-98.693,-23.814,430.349,-320.534,31.858,104.850,-540.370,157.070
940,43699.818000,285.942,-110.716,-49.612,432.411,-311.261,24.250,248.850,-435.370,-193.930
941,43699.852000,286.940,-75.648,-9.922,438.277,-309.103,31.206,442.850,-186.370,-381.930
942,43699.892000,297.918,13.526,-3.969,442.183,-307.971,36.162,403.850,16.630,-117.930
943,43699.932000,271.969,-23.546,-23.814,444.119,-308.784,40.077,256.850,156.630,57.070
944,43699.972000,277.957,-79.656,-3.969,440.288,-306.632,51.933,108.850,369.630,5.070
945,43699.992000,287.938,-72.642,21.829,441.381,-298.895,58.052,408.850,404.630,-180.930
946,43700.32000,256.000,-33.566,23.814,439.458,-299.447,73.771,627.850,363.630,-261.930
947,43700.75000,238.035,-12.524,31.752,446.425,-290.208,97.647,600.850,500.630,-172.930
948,43700.115000,222.066,-19.538,48.620,443.572,-287.937,113.443,525.850,422.630,-159.930
949,43700.162000,229.053,-18.536,61.519,447.678,-274.248,128.584,657.850,252.630,-156.930
950,43700.192000,229.053,-16.532,70.450,447.610,-280.499,142.181,734.850,184.630,-95.930
951,43700.248000,223.064,-22.544,70.450,444.901,-267.931,154.329,738.850,166.630,-15.930
952,43700.272000,206.097,-20.540,77.395,445.870,-269.466,167.075,822.850,90.630,106.070
953,43700.293000,214.082,-11.523,82.357,443.139,-258.711,182.124,823.850,-2.370,162.070
954,43700.333000,195.119,3.507,93.271,441.146,-263.256,189.863,597.850,96.630,283.070
955,43700.376000,186.136,3.507,88.310,441.173,-262.126,196.780,684.850,137.630,429.070
956,43700.412000,237.037,22.544,90.295,429.377,-273.428,204.314,369.850,-13.370,292.070
957,43700.462000,273.965,16.532,55.566,431.406,-267.647,207.429,16.850,38.630,-58.930
958,43700.495000,229.053,17.534,40.682,433.391,-264.757,208.497,-311.150,261.630,-313.930
959,43700.533000,244.023,-19.538,36.713,435.517,-251.596,204.932,-358.150,-132.370,-397.930
960,43700.575000,352.811,-26.552,-15.876,448.076,-253.729,189.156,-415.150,-501.370,-390.930
961,43700.595000,329.856,7.515,-10.915,451.056,-248.199,182.430,-198.150,24.630,-60.930
962,43700.641000,245.021,11.523,18.853,446.152,-251.997,184.283,-239.150,156.630,114.070
963,43700.673000,237.037,2.505,20.837,446.087,-255.911,179.256,-411.150,-4.370,91.070
964,43700.720000,239.033,-8.517,10.915,447.888,-264.605,171.148,-438.150,-222.370,-90.930
965,43700.752000,243.025,1.503,13.891,454.694,-262.828,163.340,-332.150,-211.370,-145.930
966,43700.792000,227.057,-20.540,39.690,457.594,-262.184,150.576,-170.150,-443.370,-92.930
967,43700.832000,250.012,-30.560,73.426,456.705,-255.762,143.868,35.850,-450.370,26.070
968,43700.872000,255.002,-7.515,80.372,454.598,-266.376,136.684,133.850,-330.370,247.070
969,43700.896000,212.086,-23.546,67.473,452.592,-271.079,138.517,228.850,-52.370,344.070
970,43700.932000,222.066,-37.573,81.364,449.598,-276.794,138.353,84.850,-175.370,200.070
971,43700.976000,293.926,-9.519,79.380,450.613,-273.129,133.539,34.850,-311.370,-136.930
972,43701.16000,251.010,-9.519,65.488,456.526,-266.533,129.798,76.850,-178.370,-223.930
973,43701.60000,207.096,-31.562,64.496,456.573,-262.856,125.965,51.850,-207.370,-36.930
974,43701.95000,213.084,-40.579,68.465,460.264,-275.252,119.725,-76.150,-348.370,288.070
975,43701.133000,229.053,-49.597,60.527,454.352,-280.326,109.738,-99.150,-324.370,260.070
976,43701.173000,258.994,6.513,59.535,457.387,-271.012,103.117,-272.150,-342.370,-77.930
977,43701.193000,259.992,32.564,30.760,460.324,-268.345,95.327,-276.150,-107.370,-71.930
978,43701.238000,233.045,-46.591,48.620,461.253,-271.168,95.250,-290.150,79.630,-168.930
979,43701.280000,233.045,-42.583,33.736,463.275,-264.732,87.564,-252.150,-40.370,-178.930
980,43701.315000,278.955,-3.507,14.884,468.102,-265.767,81.642,-64.150,-217.370,-52.930
981,43701.353000,310.893,-3.507,-20.837,465.178,-265.966,75.729,-157.150,-198.370,-7.930
982,43701.393000,307.899,-7.515,-4.961,467.017,-272.637,72.596,-205.150,104.630,36.070
983,43701.441000,284.943,-19.538,13.891,462.278,-265.849,81.629,-51.150,340.630,90.070
984,43701.456000,249.014,-32.564,27.783,460.210,-275.201,86.284,183.850,457.630,113.070
985,43701.500000,273.965,-8.517,17.860,460.258,-273.808,103.044,362.850,391.630,162.070
986,43701.543000,273.965,3.507,10.915,456.395,-273.600,112.879,327.850,406.630,336.070
987,43701.575000,247.018,12.524,19.845,442.675,-284.692,129.269,280.850,456.630,429.070
988,43701.615000,211.088,2.505,25.798,440.701,-288.213,139.988,198.850,277.630,339.070
989,43701.656000,204.101,-15.530,26.791,431.834,-297.714,142.659,62.850,139.630,209.070
990,43701.700000,220.070,-14.528,27.783,435.730,-296.713,142.694,-137.150,-30.370,6.070
991,43701.737000,251.010,-23.546,24.806,434.690,-300.694,135.696,-297.150,-32.370,-102.930
992,43701.753000,261.988,-26.552,35.721,441.538,-296.841,134.831,-459.150,33.630,-117.930
993,43701.793000,250.012,-30.560,60.527,432.709,-302.770,129.733,-492.150,228.630,-126.930
994,43701.833000,232.047,-28.556,62.512,436.651,-298.119,124.951,-482.150,189.630,-158.930
995,43701.877000,244.023,-25.550,64.496,433.717,-299.211,120.981,-544.150,141.630,-134.930
996,43701.927000,250.012,-27.554,69.457,440.529,-297.355,116.126,-498.150,106.630,-175.930
997,43701.955000,250.012,-35.569,74.419,442.452,-298.326,114.135,-363.150,171.630,-232.930
998,43701.995000,230.051,-21.542,84.341,444.514,-289.841,112.408,-230.150,345.630,-235.930
999,43702.45000,199.111,-2.505,115.101,441.553,-294.347,122.113,17.850,586.630,-226.930
1000,43702.60000,147.212,44.587,98.233,446.676,-276.967,133.425,-38.150,346.630,-371.930
1001,43702.117000,180.148,3.507,104.186,446.623,-280.723,134.304,-151.150,11.630,-45.930
1002,43702.140000,257.996,-59.616,35.721,443.720,-279.110,125.492,-216.150,-334.370,397.070
1003,43702.176000,270.971,-60.618,23.814,438.631,-294.520,117.186,12.850,-510.370,563.070
1004,43702.213000,351.813,-60.618,12.899,433.647,-302.417,107.122,-179.150,-563.370,460.070
1005,43702.258000,335.844,-57.613,-39.690,432.662,-301.853,93.365,95.850,-424.370,-63.930
1006,43702.298000,284.943,-51.601,-21.829,436.629,-296.098,94.515,105.850,-72.370,-213.930
1007,43702.346000,248.016,3.507,18.853,436.587,-299.723,100.316,-5.150,146.630,-234.930
1008,43702.355000,234.043,13.526,27.783,440.526,-295.098,94.550,-516.150,212.630,-150.930
1009,43702.396000,237.037,-29.558,20.837,441.455,-297.159,87.609,-554.150,168.630,-107.930
1010,43702.437000,265.980,-81.659,34.729,442.534,-289.607,86.837,-320.150,172.630,-208.930
1011,43702.482000,233.045,-50.599,52.589,448.232,-298.061,85.628,-138.150,72.630,-196.930
1012,43702.515000,207.096,-5.511,55.566,447.397,-288.645,84.905,-136.150,37.630,85.070
1013,43702.555000,239.033,-13.526,44.651,443.341,-300.153,80.643,-220.150,-93.370,293.070
1014,43702.596000,263.984,-51.601,26.791,439.322,-308.877,74.492,-227.150,-80.370,232.070
1015,43702.638000,256.000,-44.587,29.767,437.505,-300.393,74.725,-145.150,64.630,-104.930
1016,43702.665000,239.033,-19.538,44.651,438.560,-294.680,75.870,-170.150,106.630,-195.930
1017,43702.720000,242.027,-11.523,50.605,446.170,-305.024,73.627,-270.150,103.630,-94.930
1018,43702.767000,242.027,-42.583,45.643,440.495,-294.731,72.921,-206.150,69.630,-3.930
1019,43702.783000,255.002,-60.618,29.767,441.381,-300.417,71.780,-48.150,4.630,-7.930
1020,43702.816000,257.996,-53.605,27.783,445.272,-300.257,75.726,88.850,104.630,-55.930
1021,43702.861000,255.002,-25.550,39.690,441.453,-296.424,79.760,143.850,147.630,-39.930
1022,43702.895000,256.000,-12.524,44.651,444.412,-293.467,82.798,110.850,183.630,-34.930
1023,43702.925000,259.992,-12.524,50.605,445.461,-288.594,87.854,1.850,236.630,-57.930
1024,43702.967000,251.010,-20.540,51.597,440.435,-300.877,90.454,-128.150,258.630,-126.930
1025,43703.7000,242.027,-16.532,54.574,445.458,-289.408,92.749,-253.150,261.630,-236.930
1026,43703.38000,245.021,-12.524,66.481,443.566,-286.493,96.761,-303.150,320.630,-261.930
1027,43703.78000,232.047,-18.536,75.411,447.529,-280.790,95.943,-368.150,348.630,-244.930
1028,43703.128000,229.053,-26.552,81.364,454.257,-285.396,96.810,-397.150,312.630,-203.930
1029,43703.155000,236.039,-34.568,83.349,456.355,-274.888,100.057,-342.150,245.630,-181.930
1030,43703.195000,236.039,-29.558,81.364,454.355,-278.750,97.979,-257.150,163.630,-169.930
1031,43703.215000,238.035,-24.548,79.380,456.379,-273.049,98.141,-131.150,118.630,-123.930
1032,43703.256000,235.041,-22.544,75.411,453.294,-285.304,100.745,16.850,94.630,-37.930
1033,43703.305000,237.037,-23.546,72.434,452.424,-278.646,102.896,106.850,82.630,6.070
1034,43703.345000,237.037,-30.560,77.395,454.542,-267.113,109.122,249.850,44.630,33.070
1035,43703.377000,230.051,-30.560,79.380,451.471,-278.423,111.753,277.850,7.630,40.070
1036,43703.427000,232.047,-27.554,75.411,454.456,-273.601,113.860,307.850,-72.370,28.070
1037,43703.458000,235.041,-15.530,83.349,455.513,-267.861,115.988,348.850,-140.370,17.070
1038,43703.502000,237.037,9.519,90.295,457.346,-275.372,116.766,290.850,-147.370,69.070
1039,43703.515000,225.060,14.528,93.271,456.444,-270.658,116.896,56.850,-139.370,104.070
1040,43703.555000,223.064,1.503,90.295,451.497,-276.558,110.822,-117.150,-122.370,40.070
1041,43703.598000,237.037,-22.544,85.333,455.405,-274.638,109.898,-186.150,-150.370,-31.930
1042,43703.642000,253.006,-37.573,80.372,454.432,-273.917,102.048,-118.150,-136.370,-78.930
1043,43703.676000,255.002,-39.577,77.395,454.489,-270.108,103.137,60.850,-71.370,-53.930
1044,43703.716000,259.992,-33.566,76.403,456.342,-276.595,106.894,262.850,-36.370,148.070
1045,43703.756000,242.027,-36.571,72.434,456.389,-273.679,109.926,367.850,-12.370,301.070
1046,43703.805000,231.049,-52.603,70.450,452.401,-281.246,111.676,491.850,-105.370,340.070
1047,43703.817000,231.049,-59.616,63.504,446.599,-281.039,122.492,573.850,-180.370,311.070
1048,43703.857000,239.033,-61.620,57.550,447.424,-291.348,125.158,687.850,-193.370,261.070
1049,43703.906000,241.029,-50.599,63.504,444.632,-283.693,130.284,804.850,-185.370,209.070
1050,43703.938000,253.006,-32.564,73.426,445.539,-289.116,138.987,860.850,-168.370,220.070
1051,43703.980000,247.018,-14.528,74.419,444.600,-287.947,147.870,816.850,-129.370,246.070
1052,43704.28000,242.027,-4.509,78.388,443.661,-286.778,156.754,711.850,-114.370,250.070
1053,43704.60000,228.055,-1.503,78.388,440.806,-283.772,164.701,531.850,-60.370,245.070
1054,43704.110000,222.066,-3.507,74.419,439.765,-289.302,170.448,343.850,-102.370,172.070
1055,43704.122000,234.043,-9.519,72.434,439.765,-289.302,170.448,260.850,-99.370,91.070
1056,43704.156000,246.020,-3.507,72.434,442.719,-286.423,170.533,103.850,-79.370,36.070
1057,43704.197000,235.041,2.505,70.450,441.703,-289.327,168.483,-34.150,-45.370,0.070
1058,43704.238000,238.035,-12.524,66.481,445.623,-286.488,166.601,-61.150,-91.370,-10.930
1059,43704.282000,240.031,-32.564,61.519,444.701,-282.798,163.752,21.850,-134.370,23.070
1060,43704.322000,236.039,-26.552,59.535,448.585,-282.716,164.744,153.850,-147.370,-1.930
1061,43704.360000,242.027,-17.534,61.519,449.572,-281.731,165.757,271.850,-157.370,-11.930
1062,43704.380000,249.014,-16.532,56.558,453.480,-279.811,164.833,346.850,-160.370,21.070
1063,43704.420000,260.990,-31.562,58.543,453.571,-274.032,168.928,612.850,-188.370,57.070
1064,43704.460000,263.984,-22.544,51.597,453.655,-269.093,176.935,705.850,-124.370,105.070
1065,43704.506000,245.021,-2.505,55.566,450.724,-270.920,180.813,648.850,8.630,91.070
1066,43704.538000,225.060,12.524,63.504,451.786,-265.889,191.775,366.850,57.630,70.070
1067,43704.580000,225.060,28.556,63.504,455.647,-267.646,194.683,177.850,12.630,85.070
1068,43704.618000,247.018,2.505,44.651,452.782,-264.771,197.709,232.850,-24.370,54.070
1069,43704.667000,271.969,-24.548,22.822,451.843,-262.841,199.729,368.850,-97.370,9.070
1070,43704.680000,273.965,-18.536,26.791,454.816,-258.938,202.793,413.850,-66.370,3.070
1071,43704.723000,248.016,12.524,45.643,453.783,-263.601,205.612,380.850,-21.370,-8.930
1072,43704.756000,244.023,18.536,47.628,456.921,-248.351,208.993,273.850,-41.370,-29.930
1073,43704.796000,256.998,16.532,38.698,454.985,-247.538,205.078,67.850,-52.370,-107.930
1074,43704.836000,250.012,10.521,37.705,460.870,-243.594,208.148,-52.150,-17.370,-135.930
1075,43704.876000,241.029,2.505,39.690,459.807,-249.413,203.066,-192.150,6.630,-127.930
1076,43704.926000,254.004,2.505,35.721,466.599,-249.343,202.096,-278.150,-15.370,-114.930
1077,43704.958000,256.998,-0.501,36.713,459.808,-248.626,197.187,-194.150,1.630,-98.930
1078,43704.978000,253.006,-2.505,41.674,464.719,-244.748,198.286,-152.150,50.630,-28.930
1079,43705.26000,235.041,9.519,50.605,464.681,-247.532,200.176,-175.150,114.630,61.070
1080,43705.60000,228.055,27.554,59.535,463.626,-252.485,192.168,-209.150,38.630,138.070
1081,43705.100000,232.047,23.546,54.574,453.813,-260.135,193.905,-245.150,0.630,243.070
1082,43705.140000,253.006,-14.528,55.566,451.807,-264.076,188.874,-274.150,0.630,346.070
1083,43705.180000,289.934,-54.607,45.643,446.716,-280.273,186.448,-233.150,56.630,204.070
1084,43705.220000,268.975,-36.571,62.512,447.791,-273.535,190.572,-104.150,168.630,-35.930
1085,43705.260000,222.066,-6.513,68.465,445.854,-273.510,192.536,93.850,171.630,-82.930
1086,43705.281000,229.053,11.523,57.550,444.909,-272.420,198.467,42.850,79.630,-31.930
1087,43705.323000,251.010,3.507,48.620,442.922,-275.337,196.415,-64.150,45.630,-19.930
1088,43705.363000,259.992,-21.542,43.659,446.887,-269.608,196.581,-235.150,86.630,-30.930
1089,43705.397000,256.000,-31.562,46.636,440.032,-273.566,193.509,-280.150,120.630,-69.930
1090,43705.443000,246.020,-30.560,56.558,443.001,-269.716,194.604,-245.150,94.630,-128.930
1091,43705.483000,239.033,-22.544,60.527,439.043,-274.578,191.512,-212.150,86.630,-137.930
1092,43705.520000,238.035,-22.544,64.496,444.016,-266.051,189.790,-181.150,84.630,-123.930
1093,43705.560000,236.039,-26.552,68.465,441.979,-272.698,189.602,-204.150,87.630,-83.930
1094,43705.583000,237.037,-27.554,60.527,442.004,-270.833,188.670,-244.150,75.630,-74.930
1095,43705.621000,242.027,-25.550,55.566,443.863,-276.480,188.516,-225.150,37.630,-114.930
1096,43705.657000,249.014,-31.562,59.535,443.008,-268.088,184.814,-227.150,21.630,-115.930
1097,43705.697000,242.027,-37.573,62.512,441.935,-274.800,181.674,-210.150,32.630,-63.930
1098,43705.737000,239.033,-46.591,62.512,442.892,-275.732,181.650,-176.150,2.630,-32.930
1099,43705.777000,249.014,-47.593,61.519,445.818,-274.745,181.682,-82.150,0.630,-21.930
1100,43705.817000,248.016,-41.581,62.512,441.986,-271.070,179.811,38.850,16.630,-17.930
1101,43705.837000,247.018,-29.558,65.488,443.847,-276.690,180.641,66.850,28.630,-0.930
1102,43705.878000,240.031,-27.554,66.481,441.053,-269.061,184.783,103.850,27.630,12.070
1103,43705.918000,240.031,-26.552,66.481,443.935,-270.937,183.752,138.850,6.630,23.070
